CREATEDATE	SITE	TH_TT	ST	TH_UU	ST	TH_TD	ST	TAMAX_06-18	ST	TAMIN_18-06	ST
1.1.2022 0:00	MET_GARDEN	9,8	 	89	 	8,09	 	12,6	 	9,1	 
1.1.2022 0:01	MET_GARDEN	9,8	 	89	 	8,09	 	12,6	 	9,1	 
1.1.2022 0:02	MET_GARDEN	9,8	 	89	 	8,09	 	12,6	 	9,1	 
1.1.2022 0:03	MET_GARDEN	9,8	 	89	 	8,09	 	12,6	 	9,1	 
1.1.2022 0:04	MET_GARDEN	9,7	 	89	 	7,99	 	12,6	 	9,1	 
1.1.2022 0:05	MET_GARDEN	9,8	 	89	 	8,09	 	12,6	 	9,1	 
1.1.2022 0:06	MET_GARDEN	9,8	 	89	 	8,09	 	12,6	 	9,1	 
1.1.2022 0:07	MET_GARDEN	9,9	 	89	 	8,18	 	12,6	 	9,1	 
1.1.2022 0:08	MET_GARDEN	9,9	 	89	 	8,18	 	12,6	 	9,1	 
1.1.2022 0:09	MET_GARDEN	10	 	88	 	8,12	 	12,6	 	9,1	 
1.1.2022 0:10	MET_GARDEN	10	 	88	 	8,12	 	12,6	 	9,1	 
1.1.2022 0:11	MET_GARDEN	10,1	 	88	 	8,22	 	12,6	 	9,1	 
1.1.2022 0:12	MET_GARDEN	10,1	 	88	 	8,22	 	12,6	 	9,1	 
1.1.2022 0:13	MET_GARDEN	10,1	 	88	 	8,22	 	12,6	 	9,1	 
1.1.2022 0:14	MET_GARDEN	10,2	 	87	 	8,15	 	12,6	 	9,1	 
1.1.2022 0:15	MET_GARDEN	10,2	 	87	 	8,15	 	12,6	 	9,1	 
1.1.2022 0:16	MET_GARDEN	10,2	 	87	 	8,15	 	12,6	 	9,1	 
1.1.2022 0:17	MET_GARDEN	10,2	 	87	 	8,15	 	12,6	 	9,1	 
1.1.2022 0:18	MET_GARDEN	10,2	 	87	 	8,15	 	12,6	 	9,1	 
1.1.2022 0:19	MET_GARDEN	10,2	 	87	 	8,15	 	12,6	 	9,1	 
1.1.2022 0:20	MET_GARDEN	10,2	 	87	 	8,15	 	12,6	 	9,1	 
1.1.2022 0:21	MET_GARDEN	10,1	 	87	 	8,05	 	12,6	 	9,1	 
1.1.2022 0:22	MET_GARDEN	10,1	 	87	 	8,05	 	12,6	 	9,1	 
1.1.2022 0:23	MET_GARDEN	10,1	 	88	 	8,22	 	12,6	 	9,1	 
1.1.2022 0:24	MET_GARDEN	10	 	88	 	8,12	 	12,6	 	9,1	 
1.1.2022 0:25	MET_GARDEN	10	 	88	 	8,12	 	12,6	 	9,1	 
1.1.2022 0:26	MET_GARDEN	10	 	88	 	8,12	 	12,6	 	9,1	 
1.1.2022 0:27	MET_GARDEN	10,1	 	88	 	8,22	 	12,6	 	9,1	 
1.1.2022 0:28	MET_GARDEN	10,1	 	88	 	8,22	 	12,6	 	9,1	 
1.1.2022 0:29	MET_GARDEN	10,1	 	88	 	8,22	 	12,6	 	9,1	 
1.1.2022 0:30	MET_GARDEN	10,1	 	88	 	8,22	 	12,6	 	9,1	 
1.1.2022 0:31	MET_GARDEN	10,1	 	88	 	8,22	 	12,6	 	9,1	 
1.1.2022 0:32	MET_GARDEN	10,2	 	88	 	8,32	 	12,6	 	9,1	 
1.1.2022 0:33	MET_GARDEN	10,2	 	88	 	8,32	 	12,6	 	9,1	 
1.1.2022 0:34	MET_GARDEN	10,3	 	87	 	8,25	 	12,6	 	9,1	 
1.1.2022 0:35	MET_GARDEN	10,3	 	87	 	8,25	 	12,6	 	9,1	 
1.1.2022 0:36	MET_GARDEN	10,3	 	87	 	8,25	 	12,6	 	9,1	 
1.1.2022 0:37	MET_GARDEN	10,3	 	87	 	8,25	 	12,6	 	9,1	 
1.1.2022 0:38	MET_GARDEN	10,3	 	87	 	8,25	 	12,6	 	9,1	 
1.1.2022 0:39	MET_GARDEN	10,3	 	87	 	8,25	 	12,6	 	9,1	 
1.1.2022 0:40	MET_GARDEN	10,4	 	87	 	8,35	 	12,6	 	9,1	 
1.1.2022 0:41	MET_GARDEN	10,4	 	87	 	8,35	 	12,6	 	9,1	 
1.1.2022 0:42	MET_GARDEN	10,3	 	87	 	8,25	 	12,6	 	9,1	 
1.1.2022 0:43	MET_GARDEN	10,3	 	87	 	8,25	 	12,6	 	9,1	 
1.1.2022 0:44	MET_GARDEN	10,3	 	87	 	8,25	 	12,6	 	9,1	 
1.1.2022 0:45	MET_GARDEN	10,4	 	87	 	8,35	 	12,6	 	9,1	 
1.1.2022 0:46	MET_GARDEN	10,4	 	87	 	8,35	 	12,6	 	9,1	 
1.1.2022 0:47	MET_GARDEN	10,3	 	87	 	8,25	 	12,6	 	9,1	 
1.1.2022 0:48	MET_GARDEN	10,3	 	87	 	8,25	 	12,6	 	9,1	 
1.1.2022 0:49	MET_GARDEN	10,2	 	87	 	8,15	 	12,6	 	9,1	 
1.1.2022 0:50	MET_GARDEN	10,3	 	87	 	8,25	 	12,6	 	9,1	 
1.1.2022 0:51	MET_GARDEN	10,4	 	87	 	8,35	 	12,6	 	9,1	 
1.1.2022 0:52	MET_GARDEN	10,4	 	87	 	8,35	 	12,6	 	9,1	 
1.1.2022 0:53	MET_GARDEN	10,4	 	87	 	8,35	 	12,6	 	9,1	 
1.1.2022 0:54	MET_GARDEN	10,4	 	87	 	8,35	 	12,6	 	9,1	 
1.1.2022 0:55	MET_GARDEN	10,5	 	87	 	8,44	 	12,6	 	9,1	 
1.1.2022 0:56	MET_GARDEN	10,5	 	86	 	8,27	 	12,6	 	9,1	 
1.1.2022 0:57	MET_GARDEN	10,5	 	86	 	8,27	 	12,6	 	9,1	 
1.1.2022 0:58	MET_GARDEN	10,4	 	86	 	8,18	 	12,6	 	9,1	 
1.1.2022 0:59	MET_GARDEN	10,4	 	86	 	8,18	 	12,6	 	9,1	 
1.1.2022 1:00	MET_GARDEN	10,4	 	87	 	8,35	 	12,6	 	9,1	 
1.1.2022 1:01	MET_GARDEN	10,3	 	87	 	8,25	 	12,6	 	9,1	 
1.1.2022 1:02	MET_GARDEN	10,3	 	87	 	8,25	 	12,6	 	9,1	 
1.1.2022 1:03	MET_GARDEN	10,3	 	87	 	8,25	 	12,6	 	9,1	 
1.1.2022 1:04	MET_GARDEN	10,3	 	87	 	8,25	 	12,6	 	9,1	 
1.1.2022 1:05	MET_GARDEN	10,3	 	88	 	8,41	 	12,6	 	9,1	 
1.1.2022 1:06	MET_GARDEN	10,3	 	87	 	8,25	 	12,6	 	9,1	 
1.1.2022 1:07	MET_GARDEN	10,3	 	87	 	8,25	 	12,6	 	9,1	 
1.1.2022 1:08	MET_GARDEN	10,2	 	88	 	8,32	 	12,6	 	9,1	 
1.1.2022 1:09	MET_GARDEN	10,2	 	88	 	8,32	 	12,6	 	9,1	 
1.1.2022 1:10	MET_GARDEN	10,2	 	88	 	8,32	 	12,6	 	9,1	 
1.1.2022 1:11	MET_GARDEN	10,3	 	88	 	8,41	 	12,6	 	9,1	 
1.1.2022 1:12	MET_GARDEN	10,3	 	88	 	8,41	 	12,6	 	9,1	 
1.1.2022 1:13	MET_GARDEN	10,4	 	88	 	8,51	 	12,6	 	9,1	 
1.1.2022 1:14	MET_GARDEN	10,4	 	87	 	8,35	 	12,6	 	9,1	 
1.1.2022 1:15	MET_GARDEN	10,3	 	87	 	8,25	 	12,6	 	9,1	 
1.1.2022 1:16	MET_GARDEN	10,3	 	88	 	8,41	 	12,6	 	9,1	 
1.1.2022 1:17	MET_GARDEN	10,2	 	88	 	8,32	 	12,6	 	9,1	 
1.1.2022 1:18	MET_GARDEN	10,2	 	88	 	8,32	 	12,6	 	9,1	 
1.1.2022 1:19	MET_GARDEN	10,2	 	88	 	8,32	 	12,6	 	9,1	 
1.1.2022 1:20	MET_GARDEN	10,3	 	88	 	8,41	 	12,6	 	9,1	 
1.1.2022 1:21	MET_GARDEN	10,3	 	88	 	8,41	 	12,6	 	9,1	 
1.1.2022 1:22	MET_GARDEN	10,3	 	88	 	8,41	 	12,6	 	9,1	 
1.1.2022 1:23	MET_GARDEN	10,3	 	88	 	8,41	 	12,6	 	9,1	 
1.1.2022 1:24	MET_GARDEN	10,4	 	87	 	8,35	 	12,6	 	9,1	 
1.1.2022 1:25	MET_GARDEN	10,4	 	87	 	8,35	 	12,6	 	9,1	 
1.1.2022 1:26	MET_GARDEN	10,4	 	87	 	8,35	 	12,6	 	9,1	 
1.1.2022 1:27	MET_GARDEN	10,4	 	87	 	8,35	 	12,6	 	9,1	 
1.1.2022 1:28	MET_GARDEN	10,4	 	87	 	8,35	 	12,6	 	9,1	 
1.1.2022 1:29	MET_GARDEN	10,4	 	87	 	8,35	 	12,6	 	9,1	 
1.1.2022 1:30	MET_GARDEN	10,4	 	87	 	8,35	 	12,6	 	9,1	 
1.1.2022 1:31	MET_GARDEN	10,4	 	87	 	8,35	 	12,6	 	9,1	 
1.1.2022 1:32	MET_GARDEN	10,4	 	87	 	8,35	 	12,6	 	9,1	 
1.1.2022 1:33	MET_GARDEN	10,4	 	87	 	8,35	 	12,6	 	9,1	 
1.1.2022 1:34	MET_GARDEN	10,4	 	87	 	8,35	 	12,6	 	9,1	 
1.1.2022 1:35	MET_GARDEN	10,4	 	87	 	8,35	 	12,6	 	9,1	 
1.1.2022 1:36	MET_GARDEN	10,4	 	87	 	8,35	 	12,6	 	9,1	 
1.1.2022 1:37	MET_GARDEN	10,4	 	87	 	8,35	 	12,6	 	9,1	 
1.1.2022 1:38	MET_GARDEN	10,4	 	87	 	8,35	 	12,6	 	9,1	 
1.1.2022 1:39	MET_GARDEN	10,4	 	87	 	8,35	 	12,6	 	9,1	 
1.1.2022 1:40	MET_GARDEN	10,4	 	87	 	8,35	 	12,6	 	9,1	 
1.1.2022 1:41	MET_GARDEN	10,4	 	87	 	8,35	 	12,6	 	9,1	 
1.1.2022 1:42	MET_GARDEN	10,4	 	87	 	8,35	 	12,6	 	9,1	 
1.1.2022 1:43	MET_GARDEN	10,3	 	87	 	8,25	 	12,6	 	9,1	 
1.1.2022 1:44	MET_GARDEN	10,3	 	87	 	8,25	 	12,6	 	9,1	 
1.1.2022 1:45	MET_GARDEN	10,3	 	87	 	8,25	 	12,6	 	9,1	 
1.1.2022 1:46	MET_GARDEN	10,3	 	87	 	8,25	 	12,6	 	9,1	 
1.1.2022 1:47	MET_GARDEN	10,3	 	87	 	8,25	 	12,6	 	9,1	 
1.1.2022 1:48	MET_GARDEN	10,3	 	87	 	8,25	 	12,6	 	9,1	 
1.1.2022 1:49	MET_GARDEN	10,4	 	87	 	8,35	 	12,6	 	9,1	 
1.1.2022 1:50	MET_GARDEN	10,4	 	87	 	8,35	 	12,6	 	9,1	 
1.1.2022 1:51	MET_GARDEN	10,3	 	87	 	8,25	 	12,6	 	9,1	 
1.1.2022 1:52	MET_GARDEN	10,4	 	87	 	8,35	 	12,6	 	9,1	 
1.1.2022 1:53	MET_GARDEN	10,4	 	87	 	8,35	 	12,6	 	9,1	 
1.1.2022 1:54	MET_GARDEN	10,3	 	87	 	8,25	 	12,6	 	9,1	 
1.1.2022 1:55	MET_GARDEN	10,2	 	87	 	8,15	 	12,6	 	9,1	 
1.1.2022 1:56	MET_GARDEN	10,2	 	88	 	8,32	 	12,6	 	9,1	 
1.1.2022 1:57	MET_GARDEN	10,2	 	88	 	8,32	 	12,6	 	9,1	 
1.1.2022 1:58	MET_GARDEN	10,3	 	88	 	8,41	 	12,6	 	9,1	 
1.1.2022 1:59	MET_GARDEN	10,3	 	88	 	8,41	 	12,6	 	9,1	 
1.1.2022 2:00	MET_GARDEN	10,4	 	87	 	8,35	 	12,6	 	9,1	 
1.1.2022 2:01	MET_GARDEN	10,4	 	87	 	8,35	 	12,6	 	9,1	 
1.1.2022 2:02	MET_GARDEN	10,4	 	87	 	8,35	 	12,6	 	9,1	 
1.1.2022 2:03	MET_GARDEN	10,3	 	87	 	8,25	 	12,6	 	9,1	 
1.1.2022 2:04	MET_GARDEN	10,3	 	87	 	8,25	 	12,6	 	9,1	 
1.1.2022 2:05	MET_GARDEN	10,3	 	87	 	8,25	 	12,6	 	9,1	 
1.1.2022 2:06	MET_GARDEN	10,3	 	87	 	8,25	 	12,6	 	9,1	 
1.1.2022 2:07	MET_GARDEN	10,3	 	87	 	8,25	 	12,6	 	9,1	 
1.1.2022 2:08	MET_GARDEN	10,3	 	87	 	8,25	 	12,6	 	9,1	 
1.1.2022 2:09	MET_GARDEN	10,3	 	87	 	8,25	 	12,6	 	9,1	 
1.1.2022 2:10	MET_GARDEN	10,4	 	87	 	8,35	 	12,6	 	9,1	 
1.1.2022 2:11	MET_GARDEN	10,4	 	87	 	8,35	 	12,6	 	9,1	 
1.1.2022 2:12	MET_GARDEN	10,4	 	87	 	8,35	 	12,6	 	9,1	 
1.1.2022 2:13	MET_GARDEN	10,4	 	87	 	8,35	 	12,6	 	9,1	 
1.1.2022 2:14	MET_GARDEN	10,4	 	87	 	8,35	 	12,6	 	9,1	 
1.1.2022 2:15	MET_GARDEN	10,4	 	87	 	8,35	 	12,6	 	9,1	 
1.1.2022 2:16	MET_GARDEN	10,4	 	86	 	8,18	 	12,6	 	9,1	 
1.1.2022 2:17	MET_GARDEN	10,4	 	86	 	8,18	 	12,6	 	9,1	 
1.1.2022 2:18	MET_GARDEN	10,3	 	87	 	8,25	 	12,6	 	9,1	 
1.1.2022 2:19	MET_GARDEN	10,3	 	87	 	8,25	 	12,6	 	9,1	 
1.1.2022 2:20	MET_GARDEN	10,4	 	87	 	8,35	 	12,6	 	9,1	 
1.1.2022 2:21	MET_GARDEN	10,4	 	87	 	8,35	 	12,6	 	9,1	 
1.1.2022 2:22	MET_GARDEN	10,4	 	87	 	8,35	 	12,6	 	9,1	 
1.1.2022 2:23	MET_GARDEN	10,3	 	87	 	8,25	 	12,6	 	9,1	 
1.1.2022 2:24	MET_GARDEN	10,4	 	87	 	8,35	 	12,6	 	9,1	 
1.1.2022 2:25	MET_GARDEN	10,3	 	87	 	8,25	 	12,6	 	9,1	 
1.1.2022 2:26	MET_GARDEN	10,3	 	87	 	8,25	 	12,6	 	9,1	 
1.1.2022 2:27	MET_GARDEN	10,3	 	87	 	8,25	 	12,6	 	9,1	 
1.1.2022 2:28	MET_GARDEN	10,3	 	87	 	8,25	 	12,6	 	9,1	 
1.1.2022 2:29	MET_GARDEN	10,3	 	87	 	8,25	 	12,6	 	9,1	 
1.1.2022 2:30	MET_GARDEN	10,3	 	87	 	8,25	 	12,6	 	9,1	 
1.1.2022 2:31	MET_GARDEN	10,3	 	87	 	8,25	 	12,6	 	9,1	 
1.1.2022 2:32	MET_GARDEN	10,3	 	87	 	8,25	 	12,6	 	9,1	 
1.1.2022 2:33	MET_GARDEN	10,3	 	87	 	8,25	 	12,6	 	9,1	 
1.1.2022 2:34	MET_GARDEN	10,2	 	87	 	8,15	 	12,6	 	9,1	 
1.1.2022 2:35	MET_GARDEN	10,3	 	87	 	8,25	 	12,6	 	9,1	 
1.1.2022 2:36	MET_GARDEN	10,3	 	87	 	8,25	 	12,6	 	9,1	 
1.1.2022 2:37	MET_GARDEN	10,3	 	87	 	8,25	 	12,6	 	9,1	 
1.1.2022 2:38	MET_GARDEN	10,3	 	87	 	8,25	 	12,6	 	9,1	 
1.1.2022 2:39	MET_GARDEN	10,3	 	87	 	8,25	 	12,6	 	9,1	 
1.1.2022 2:40	MET_GARDEN	10,3	 	87	 	8,25	 	12,6	 	9,1	 
1.1.2022 2:41	MET_GARDEN	10,3	 	87	 	8,25	 	12,6	 	9,1	 
1.1.2022 2:42	MET_GARDEN	10,3	 	87	 	8,25	 	12,6	 	9,1	 
1.1.2022 2:43	MET_GARDEN	10,3	 	87	 	8,25	 	12,6	 	9,1	 
1.1.2022 2:44	MET_GARDEN	10,3	 	87	 	8,25	 	12,6	 	9,1	 
1.1.2022 2:45	MET_GARDEN	10,3	 	87	 	8,25	 	12,6	 	9,1	 
1.1.2022 2:46	MET_GARDEN	10,3	 	87	 	8,25	 	12,6	 	9,1	 
1.1.2022 2:47	MET_GARDEN	10,3	 	87	 	8,25	 	12,6	 	9,1	 
1.1.2022 2:48	MET_GARDEN	10,4	 	87	 	8,35	 	12,6	 	9,1	 
1.1.2022 2:49	MET_GARDEN	10,3	 	86	 	8,08	 	12,6	 	9,1	 
1.1.2022 2:50	MET_GARDEN	10,3	 	87	 	8,25	 	12,6	 	9,1	 
1.1.2022 2:51	MET_GARDEN	10,3	 	87	 	8,25	 	12,6	 	9,1	 
1.1.2022 2:52	MET_GARDEN	10,3	 	87	 	8,25	 	12,6	 	9,1	 
1.1.2022 2:53	MET_GARDEN	10,4	 	87	 	8,35	 	12,6	 	9,1	 
1.1.2022 2:54	MET_GARDEN	10,4	 	86	 	8,18	 	12,6	 	9,1	 
1.1.2022 2:55	MET_GARDEN	10,3	 	86	 	8,08	 	12,6	 	9,1	 
1.1.2022 2:56	MET_GARDEN	10,3	 	87	 	8,25	 	12,6	 	9,1	 
1.1.2022 2:57	MET_GARDEN	10,3	 	87	 	8,25	 	12,6	 	9,1	 
1.1.2022 2:58	MET_GARDEN	10,3	 	87	 	8,25	 	12,6	 	9,1	 
1.1.2022 2:59	MET_GARDEN	10,3	 	87	 	8,25	 	12,6	 	9,1	 
1.1.2022 3:00	MET_GARDEN	10,3	 	87	 	8,25	 	12,6	 	9,1	 
1.1.2022 3:01	MET_GARDEN	10,3	 	87	 	8,25	 	12,6	 	9,1	 
1.1.2022 3:02	MET_GARDEN	10,3	 	87	 	8,25	 	12,6	 	9,1	 
1.1.2022 3:03	MET_GARDEN	10,3	 	87	 	8,25	 	12,6	 	9,1	 
1.1.2022 3:04	MET_GARDEN	10,2	 	87	 	8,15	 	12,6	 	9,1	 
1.1.2022 3:05	MET_GARDEN	10,2	 	88	 	8,32	 	12,6	 	9,1	 
1.1.2022 3:06	MET_GARDEN	10,2	 	88	 	8,32	 	12,6	 	9,1	 
1.1.2022 3:07	MET_GARDEN	10,2	 	88	 	8,32	 	12,6	 	9,1	 
1.1.2022 3:08	MET_GARDEN	10,2	 	88	 	8,32	 	12,6	 	9,1	 
1.1.2022 3:09	MET_GARDEN	10,3	 	87	 	8,25	 	12,6	 	9,1	 
1.1.2022 3:10	MET_GARDEN	10,2	 	87	 	8,15	 	12,6	 	9,1	 
1.1.2022 3:11	MET_GARDEN	10,2	 	88	 	8,32	 	12,6	 	9,1	 
1.1.2022 3:12	MET_GARDEN	10,2	 	88	 	8,32	 	12,6	 	9,1	 
1.1.2022 3:13	MET_GARDEN	10,2	 	88	 	8,32	 	12,6	 	9,1	 
1.1.2022 3:14	MET_GARDEN	10,2	 	88	 	8,32	 	12,6	 	9,1	 
1.1.2022 3:15	MET_GARDEN	10,3	 	88	 	8,41	 	12,6	 	9,1	 
1.1.2022 3:16	MET_GARDEN	10,3	 	87	 	8,25	 	12,6	 	9,1	 
1.1.2022 3:17	MET_GARDEN	10,2	 	87	 	8,15	 	12,6	 	9,1	 
1.1.2022 3:18	MET_GARDEN	10,2	 	87	 	8,15	 	12,6	 	9,1	 
1.1.2022 3:19	MET_GARDEN	10,2	 	88	 	8,32	 	12,6	 	9,1	 
1.1.2022 3:20	MET_GARDEN	10,3	 	88	 	8,41	 	12,6	 	9,1	 
1.1.2022 3:21	MET_GARDEN	10,3	 	87	 	8,25	 	12,6	 	9,1	 
1.1.2022 3:22	MET_GARDEN	10,3	 	87	 	8,25	 	12,6	 	9,1	 
1.1.2022 3:23	MET_GARDEN	10,3	 	87	 	8,25	 	12,6	 	9,1	 
1.1.2022 3:24	MET_GARDEN	10,3	 	87	 	8,25	 	12,6	 	9,1	 
1.1.2022 3:25	MET_GARDEN	10,3	 	87	 	8,25	 	12,6	 	9,1	 
1.1.2022 3:26	MET_GARDEN	10,3	 	87	 	8,25	 	12,6	 	9,1	 
1.1.2022 3:27	MET_GARDEN	10,3	 	87	 	8,25	 	12,6	 	9,1	 
1.1.2022 3:28	MET_GARDEN	10,3	 	87	 	8,25	 	12,6	 	9,1	 
1.1.2022 3:29	MET_GARDEN	10,3	 	87	 	8,25	 	12,6	 	9,1	 
1.1.2022 3:30	MET_GARDEN	10,3	 	87	 	8,25	 	12,6	 	9,1	 
1.1.2022 3:31	MET_GARDEN	10,2	 	87	 	8,15	 	12,6	 	9,1	 
1.1.2022 3:32	MET_GARDEN	10,2	 	87	 	8,15	 	12,6	 	9,1	 
1.1.2022 3:33	MET_GARDEN	10,1	 	88	 	8,22	 	12,6	 	9,1	 
1.1.2022 3:34	MET_GARDEN	10,1	 	88	 	8,22	 	12,6	 	9,1	 
1.1.2022 3:35	MET_GARDEN	10,1	 	88	 	8,22	 	12,6	 	9,1	 
1.1.2022 3:36	MET_GARDEN	10	 	89	 	8,28	 	12,6	 	9,1	 
1.1.2022 3:37	MET_GARDEN	10	 	89	 	8,28	 	12,6	 	9,1	 
1.1.2022 3:38	MET_GARDEN	10	 	89	 	8,28	 	12,6	 	9,1	 
1.1.2022 3:39	MET_GARDEN	10	 	89	 	8,28	 	12,6	 	9,1	 
1.1.2022 3:40	MET_GARDEN	10,1	 	89	 	8,38	 	12,6	 	9,1	 
1.1.2022 3:41	MET_GARDEN	10,1	 	88	 	8,22	 	12,6	 	9,1	 
1.1.2022 3:42	MET_GARDEN	10,1	 	88	 	8,22	 	12,6	 	9,1	 
1.1.2022 3:43	MET_GARDEN	10,1	 	88	 	8,22	 	12,6	 	9,1	 
1.1.2022 3:44	MET_GARDEN	10,1	 	88	 	8,22	 	12,6	 	9,1	 
1.1.2022 3:45	MET_GARDEN	10,1	 	88	 	8,22	 	12,6	 	9,1	 
1.1.2022 3:46	MET_GARDEN	10	 	88	 	8,12	 	12,6	 	9,1	 
1.1.2022 3:47	MET_GARDEN	10	 	89	 	8,28	 	12,6	 	9,1	 
1.1.2022 3:48	MET_GARDEN	10,1	 	89	 	8,38	 	12,6	 	9,1	 
1.1.2022 3:49	MET_GARDEN	10,1	 	88	 	8,22	 	12,6	 	9,1	 
1.1.2022 3:50	MET_GARDEN	10,1	 	88	 	8,22	 	12,6	 	9,1	 
1.1.2022 3:51	MET_GARDEN	10,2	 	88	 	8,32	 	12,6	 	9,1	 
1.1.2022 3:52	MET_GARDEN	10,2	 	88	 	8,32	 	12,6	 	9,1	 
1.1.2022 3:53	MET_GARDEN	10,1	 	88	 	8,22	 	12,6	 	9,1	 
1.1.2022 3:54	MET_GARDEN	10,1	 	88	 	8,22	 	12,6	 	9,1	 
1.1.2022 3:55	MET_GARDEN	10,1	 	88	 	8,22	 	12,6	 	9,1	 
1.1.2022 3:56	MET_GARDEN	10,1	 	88	 	8,22	 	12,6	 	9,1	 
1.1.2022 3:57	MET_GARDEN	10,1	 	88	 	8,22	 	12,6	 	9,1	 
1.1.2022 3:58	MET_GARDEN	10,1	 	88	 	8,22	 	12,6	 	9,1	 
1.1.2022 3:59	MET_GARDEN	10,1	 	88	 	8,22	 	12,6	 	9,1	 
1.1.2022 4:00	MET_GARDEN	10,1	 	88	 	8,22	 	12,6	 	9,1	 
1.1.2022 4:01	MET_GARDEN	10,2	 	88	 	8,32	 	12,6	 	9,1	 
1.1.2022 4:02	MET_GARDEN	10,2	 	88	 	8,32	 	12,6	 	9,1	 
1.1.2022 4:03	MET_GARDEN	10,1	 	88	 	8,22	 	12,6	 	9,1	 
1.1.2022 4:04	MET_GARDEN	10,1	 	88	 	8,22	 	12,6	 	9,1	 
1.1.2022 4:05	MET_GARDEN	10,1	 	88	 	8,22	 	12,6	 	9,1	 
1.1.2022 4:06	MET_GARDEN	10	 	88	 	8,12	 	12,6	 	9,1	 
1.1.2022 4:07	MET_GARDEN	10	 	88	 	8,12	 	12,6	 	9,1	 
1.1.2022 4:08	MET_GARDEN	10,1	 	88	 	8,22	 	12,6	 	9,1	 
1.1.2022 4:09	MET_GARDEN	10	 	88	 	8,12	 	12,6	 	9,1	 
1.1.2022 4:10	MET_GARDEN	10,1	 	88	 	8,22	 	12,6	 	9,1	 
1.1.2022 4:11	MET_GARDEN	10,1	 	88	 	8,22	 	12,6	 	9,1	 
1.1.2022 4:12	MET_GARDEN	10,2	 	88	 	8,32	 	12,6	 	9,1	 
1.1.2022 4:13	MET_GARDEN	10,2	 	88	 	8,32	 	12,6	 	9,1	 
1.1.2022 4:14	MET_GARDEN	10,2	 	87	 	8,15	 	12,6	 	9,1	 
1.1.2022 4:15	MET_GARDEN	10,2	 	87	 	8,15	 	12,6	 	9,1	 
1.1.2022 4:16	MET_GARDEN	10,2	 	87	 	8,15	 	12,6	 	9,1	 
1.1.2022 4:17	MET_GARDEN	10,2	 	87	 	8,15	 	12,6	 	9,1	 
1.1.2022 4:18	MET_GARDEN	10,2	 	87	 	8,15	 	12,6	 	9,1	 
1.1.2022 4:19	MET_GARDEN	10,2	 	87	 	8,15	 	12,6	 	9,1	 
1.1.2022 4:20	MET_GARDEN	10,2	 	87	 	8,15	 	12,6	 	9,1	 
1.1.2022 4:21	MET_GARDEN	10,2	 	87	 	8,15	 	12,6	 	9,1	 
1.1.2022 4:22	MET_GARDEN	10,2	 	87	 	8,15	 	12,6	 	9,1	 
1.1.2022 4:23	MET_GARDEN	10,2	 	87	 	8,15	 	12,6	 	9,1	 
1.1.2022 4:24	MET_GARDEN	10,2	 	87	 	8,15	 	12,6	 	9,1	 
1.1.2022 4:25	MET_GARDEN	10,2	 	87	 	8,15	 	12,6	 	9,1	 
1.1.2022 4:26	MET_GARDEN	10,2	 	87	 	8,15	 	12,6	 	9,1	 
1.1.2022 4:27	MET_GARDEN	10,2	 	87	 	8,15	 	12,6	 	9,1	 
1.1.2022 4:28	MET_GARDEN	10,2	 	87	 	8,15	 	12,6	 	9,1	 
1.1.2022 4:29	MET_GARDEN	10,2	 	87	 	8,15	 	10,2	 	9,1	 
1.1.2022 4:30	MET_GARDEN	10,2	 	87	 	8,15	 	10,2	 	9,1	 
1.1.2022 4:31	MET_GARDEN	10,2	 	87	 	8,15	 	10,2	 	9,1	 
1.1.2022 4:32	MET_GARDEN	10,2	 	87	 	8,15	 	10,2	 	9,1	 
1.1.2022 4:33	MET_GARDEN	10,2	 	87	 	8,15	 	10,2	 	9,1	 
1.1.2022 4:34	MET_GARDEN	10,1	 	87	 	8,05	 	10,2	 	9,1	 
1.1.2022 4:35	MET_GARDEN	10,2	 	87	 	8,15	 	10,2	 	9,1	 
1.1.2022 4:36	MET_GARDEN	10,2	 	87	 	8,15	 	10,2	 	9,1	 
1.1.2022 4:37	MET_GARDEN	10,1	 	87	 	8,05	 	10,2	 	9,1	 
1.1.2022 4:38	MET_GARDEN	10,1	 	87	 	8,05	 	10,2	 	9,1	 
1.1.2022 4:39	MET_GARDEN	10,1	 	87	 	8,05	 	10,2	 	9,1	 
1.1.2022 4:40	MET_GARDEN	10,2	 	87	 	8,15	 	10,2	 	9,1	 
1.1.2022 4:41	MET_GARDEN	10,1	 	87	 	8,05	 	10,2	 	9,1	 
1.1.2022 4:42	MET_GARDEN	10,1	 	87	 	8,05	 	10,2	 	9,1	 
1.1.2022 4:43	MET_GARDEN	10,1	 	87	 	8,05	 	10,2	 	9,1	 
1.1.2022 4:44	MET_GARDEN	10,1	 	87	 	8,05	 	10,2	 	9,1	 
1.1.2022 4:45	MET_GARDEN	10,1	 	87	 	8,05	 	10,2	 	9,1	 
1.1.2022 4:46	MET_GARDEN	10,1	 	87	 	8,05	 	10,2	 	9,1	 
1.1.2022 4:47	MET_GARDEN	10,2	 	87	 	8,15	 	10,2	 	9,1	 
1.1.2022 4:48	MET_GARDEN	10,2	 	87	 	8,15	 	10,2	 	9,1	 
1.1.2022 4:49	MET_GARDEN	10,2	 	87	 	8,15	 	10,2	 	9,1	 
1.1.2022 4:50	MET_GARDEN	10,1	 	87	 	8,05	 	10,2	 	9,1	 
1.1.2022 4:51	MET_GARDEN	10,2	 	87	 	8,15	 	10,2	 	9,1	 
1.1.2022 4:52	MET_GARDEN	10,1	 	87	 	8,05	 	10,2	 	9,1	 
1.1.2022 4:53	MET_GARDEN	10,1	 	87	 	8,05	 	10,2	 	9,1	 
1.1.2022 4:54	MET_GARDEN	10	 	87	 	7,95	 	10,2	 	9,1	 
1.1.2022 4:55	MET_GARDEN	10,1	 	87	 	8,05	 	10,2	 	9,1	 
1.1.2022 4:56	MET_GARDEN	10,1	 	87	 	8,05	 	10,2	 	9,1	 
1.1.2022 4:57	MET_GARDEN	10,1	 	87	 	8,05	 	10,2	 	9,1	 
1.1.2022 4:58	MET_GARDEN	10	 	87	 	7,95	 	10,2	 	9,1	 
1.1.2022 4:59	MET_GARDEN	10	 	87	 	7,95	 	10,2	 	9,1	 
1.1.2022 5:00	MET_GARDEN	10	 	88	 	8,12	 	10,2	 	9,1	 
1.1.2022 5:01	MET_GARDEN	10	 	88	 	8,12	 	10,2	 	9,1	 
1.1.2022 5:02	MET_GARDEN	10	 	88	 	8,12	 	10,2	 	9,1	 
1.1.2022 5:03	MET_GARDEN	10	 	88	 	8,12	 	10,2	 	9,1	 
1.1.2022 5:04	MET_GARDEN	10	 	88	 	8,12	 	10,2	 	9,1	 
1.1.2022 5:05	MET_GARDEN	10	 	88	 	8,12	 	10,2	 	9,1	 
1.1.2022 5:06	MET_GARDEN	10	 	88	 	8,12	 	10,2	 	9,1	 
1.1.2022 5:07	MET_GARDEN	10	 	88	 	8,12	 	10,2	 	9,1	 
1.1.2022 5:08	MET_GARDEN	10	 	88	 	8,12	 	10,2	 	9,1	 
1.1.2022 5:09	MET_GARDEN	10,1	 	88	 	8,22	 	10,2	 	9,1	 
1.1.2022 5:10	MET_GARDEN	10,1	 	87	 	8,05	 	10,2	 	9,1	 
1.1.2022 5:11	MET_GARDEN	10,1	 	87	 	8,05	 	10,2	 	9,1	 
1.1.2022 5:12	MET_GARDEN	10,2	 	87	 	8,15	 	10,2	 	9,1	 
1.1.2022 5:13	MET_GARDEN	10,2	 	87	 	8,15	 	10,2	 	9,1	 
1.1.2022 5:14	MET_GARDEN	10,2	 	87	 	8,15	 	10,2	 	9,1	 
1.1.2022 5:15	MET_GARDEN	10,1	 	87	 	8,05	 	10,2	 	9,1	 
1.1.2022 5:16	MET_GARDEN	10,1	 	87	 	8,05	 	10,2	 	9,1	 
1.1.2022 5:17	MET_GARDEN	10,1	 	87	 	8,05	 	10,2	 	9,1	 
1.1.2022 5:18	MET_GARDEN	10,1	 	87	 	8,05	 	10,2	 	9,1	 
1.1.2022 5:19	MET_GARDEN	10,1	 	87	 	8,05	 	10,2	 	9,1	 
1.1.2022 5:20	MET_GARDEN	10,1	 	87	 	8,05	 	10,2	 	9,1	 
1.1.2022 5:21	MET_GARDEN	10,1	 	87	 	8,05	 	10,2	 	9,1	 
1.1.2022 5:22	MET_GARDEN	10,1	 	87	 	8,05	 	10,2	 	9,1	 
1.1.2022 5:23	MET_GARDEN	10,1	 	87	 	8,05	 	10,2	 	9,1	 
1.1.2022 5:24	MET_GARDEN	10,1	 	87	 	8,05	 	10,2	 	9,1	 
1.1.2022 5:25	MET_GARDEN	10,1	 	87	 	8,05	 	10,2	 	9,1	 
1.1.2022 5:26	MET_GARDEN	10,1	 	87	 	8,05	 	10,2	 	9,1	 
1.1.2022 5:27	MET_GARDEN	10,1	 	87	 	8,05	 	10,2	 	9,1	 
1.1.2022 5:28	MET_GARDEN	10,1	 	87	 	8,05	 	10,2	 	9,1	 
1.1.2022 5:29	MET_GARDEN	10,1	 	87	 	8,05	 	10,2	 	9,1	 
1.1.2022 5:30	MET_GARDEN	10,1	 	87	 	8,05	 	10,2	 	9,1	 
1.1.2022 5:31	MET_GARDEN	10,1	 	87	 	8,05	 	10,2	 	9,1	 
1.1.2022 5:32	MET_GARDEN	10,1	 	87	 	8,05	 	10,2	 	9,1	 
1.1.2022 5:33	MET_GARDEN	10,1	 	87	 	8,05	 	10,2	 	9,1	 
1.1.2022 5:34	MET_GARDEN	10,1	 	87	 	8,05	 	10,2	 	9,1	 
1.1.2022 5:35	MET_GARDEN	10,1	 	87	 	8,05	 	10,2	 	9,1	 
1.1.2022 5:36	MET_GARDEN	10,2	 	87	 	8,15	 	10,2	 	9,1	 
1.1.2022 5:37	MET_GARDEN	10,2	 	87	 	8,15	 	10,2	 	9,1	 
1.1.2022 5:38	MET_GARDEN	10,1	 	86	 	7,88	 	10,2	 	9,1	 
1.1.2022 5:39	MET_GARDEN	10,2	 	86	 	7,98	 	10,2	 	9,1	 
1.1.2022 5:40	MET_GARDEN	10,2	 	86	 	7,98	 	10,2	 	9,1	 
1.1.2022 5:41	MET_GARDEN	10,2	 	86	 	7,98	 	10,2	 	9,1	 
1.1.2022 5:42	MET_GARDEN	10,2	 	86	 	7,98	 	10,2	 	9,1	 
1.1.2022 5:43	MET_GARDEN	10,2	 	86	 	7,98	 	10,2	 	9,1	 
1.1.2022 5:44	MET_GARDEN	10,1	 	86	 	7,88	 	10,2	 	9,1	 
1.1.2022 5:45	MET_GARDEN	10,2	 	86	 	7,98	 	10,2	 	9,1	 
1.1.2022 5:46	MET_GARDEN	10,2	 	86	 	7,98	 	10,2	 	9,1	 
1.1.2022 5:47	MET_GARDEN	10,2	 	86	 	7,98	 	10,2	 	9,1	 
1.1.2022 5:48	MET_GARDEN	10,2	 	86	 	7,98	 	10,2	 	9,1	 
1.1.2022 5:49	MET_GARDEN	10,1	 	86	 	7,88	 	10,2	 	9,1	 
1.1.2022 5:50	MET_GARDEN	10,1	 	86	 	7,88	 	10,2	 	9,1	 
1.1.2022 5:51	MET_GARDEN	10,1	 	86	 	7,88	 	10,2	 	9,1	 
1.1.2022 5:52	MET_GARDEN	10,1	 	86	 	7,88	 	10,2	 	9,1	 
1.1.2022 5:53	MET_GARDEN	10,2	 	86	 	7,98	 	10,2	 	9,1	 
1.1.2022 5:54	MET_GARDEN	10,2	 	86	 	7,98	 	10,2	 	9,1	 
1.1.2022 5:55	MET_GARDEN	10,1	 	86	 	7,88	 	10,2	 	9,1	 
1.1.2022 5:56	MET_GARDEN	10,1	 	86	 	7,88	 	10,2	 	9,1	 
1.1.2022 5:57	MET_GARDEN	10,1	 	86	 	7,88	 	10,2	 	9,1	 
1.1.2022 5:58	MET_GARDEN	10,1	 	86	 	7,88	 	10,2	 	9,1	 
1.1.2022 5:59	MET_GARDEN	10,1	 	86	 	7,88	 	10,2	 	9,1	 
1.1.2022 6:00	MET_GARDEN	10	 	86	 	7,78	 	10,2	 	9,1	 
1.1.2022 6:01	MET_GARDEN	10	 	86	 	7,78	 	10,2	 	9,1	 
1.1.2022 6:02	MET_GARDEN	10	 	86	 	7,78	 	10,2	 	9,1	 
1.1.2022 6:03	MET_GARDEN	10	 	86	 	7,78	 	10,2	 	9,1	 
1.1.2022 6:04	MET_GARDEN	10	 	86	 	7,78	 	10,2	 	9,1	 
1.1.2022 6:05	MET_GARDEN	10	 	86	 	7,78	 	10,2	 	9,1	 
1.1.2022 6:06	MET_GARDEN	10	 	86	 	7,78	 	10,2	 	9,1	 
1.1.2022 6:07	MET_GARDEN	10	 	86	 	7,78	 	10,2	 	9,1	 
1.1.2022 6:08	MET_GARDEN	9,9	 	86	 	7,68	 	10,2	 	9,1	 
1.1.2022 6:09	MET_GARDEN	9,9	 	87	 	7,85	 	10,2	 	9,1	 
1.1.2022 6:10	MET_GARDEN	10	 	87	 	7,95	 	10,2	 	9,1	 
1.1.2022 6:11	MET_GARDEN	10	 	86	 	7,78	 	10,2	 	9,1	 
1.1.2022 6:12	MET_GARDEN	9,9	 	86	 	7,68	 	10,2	 	9,1	 
1.1.2022 6:13	MET_GARDEN	9,9	 	87	 	7,85	 	10,2	 	9,1	 
1.1.2022 6:14	MET_GARDEN	9,9	 	87	 	7,85	 	10,2	 	9,1	 
1.1.2022 6:15	MET_GARDEN	10	 	87	 	7,95	 	10,2	 	9,1	 
1.1.2022 6:16	MET_GARDEN	9,9	 	87	 	7,85	 	10,2	 	9,1	 
1.1.2022 6:17	MET_GARDEN	9,9	 	87	 	7,85	 	10,2	 	9,1	 
1.1.2022 6:18	MET_GARDEN	10	 	87	 	7,95	 	10,2	 	9,1	 
1.1.2022 6:19	MET_GARDEN	10	 	87	 	7,95	 	10,2	 	9,1	 
1.1.2022 6:20	MET_GARDEN	10	 	86	 	7,78	 	10,2	 	9,1	 
1.1.2022 6:21	MET_GARDEN	9,9	 	86	 	7,68	 	10,2	 	9,1	 
1.1.2022 6:22	MET_GARDEN	9,9	 	87	 	7,85	 	10,2	 	9,1	 
1.1.2022 6:23	MET_GARDEN	9,9	 	87	 	7,85	 	10,2	 	9,1	 
1.1.2022 6:24	MET_GARDEN	9,9	 	87	 	7,85	 	10,2	 	9,1	 
1.1.2022 6:25	MET_GARDEN	9,9	 	87	 	7,85	 	10,2	 	9,1	 
1.1.2022 6:26	MET_GARDEN	9,8	 	87	 	7,75	 	10,2	 	9,1	 
1.1.2022 6:27	MET_GARDEN	9,9	 	87	 	7,85	 	10,2	 	9,1	 
1.1.2022 6:28	MET_GARDEN	10	 	87	 	7,95	 	10,2	 	9,1	 
1.1.2022 6:29	MET_GARDEN	9,9	 	87	 	7,85	 	10,2	 	9,1	 
1.1.2022 6:30	MET_GARDEN	10	 	87	 	7,95	 	10,2	 	9,1	 
1.1.2022 6:31	MET_GARDEN	10	 	87	 	7,95	 	10,2	 	9,1	 
1.1.2022 6:32	MET_GARDEN	10	 	87	 	7,95	 	10,2	 	9,1	 
1.1.2022 6:33	MET_GARDEN	10	 	86	 	7,78	 	10,2	 	9,1	 
1.1.2022 6:34	MET_GARDEN	9,9	 	87	 	7,85	 	10,2	 	9,1	 
1.1.2022 6:35	MET_GARDEN	9,9	 	87	 	7,85	 	10,2	 	9,1	 
1.1.2022 6:36	MET_GARDEN	9,9	 	87	 	7,85	 	10,2	 	9,1	 
1.1.2022 6:37	MET_GARDEN	9,9	 	87	 	7,85	 	10,2	 	9,1	 
1.1.2022 6:38	MET_GARDEN	9,9	 	87	 	7,85	 	10,2	 	9,1	 
1.1.2022 6:39	MET_GARDEN	9,9	 	87	 	7,85	 	10,2	 	9,1	 
1.1.2022 6:40	MET_GARDEN	9,9	 	87	 	7,85	 	10,2	 	9,1	 
1.1.2022 6:41	MET_GARDEN	9,8	 	87	 	7,75	 	10,2	 	9,1	 
1.1.2022 6:42	MET_GARDEN	9,8	 	88	 	7,92	 	10,2	 	9,1	 
1.1.2022 6:43	MET_GARDEN	9,8	 	88	 	7,92	 	10,2	 	9,1	 
1.1.2022 6:44	MET_GARDEN	9,8	 	88	 	7,92	 	10,2	 	9,1	 
1.1.2022 6:45	MET_GARDEN	9,8	 	88	 	7,92	 	10,2	 	9,1	 
1.1.2022 6:46	MET_GARDEN	9,8	 	88	 	7,92	 	10,2	 	9,1	 
1.1.2022 6:47	MET_GARDEN	9,7	 	88	 	7,82	 	10,2	 	9,1	 
1.1.2022 6:48	MET_GARDEN	9,8	 	88	 	7,92	 	10,2	 	9,1	 
1.1.2022 6:49	MET_GARDEN	9,9	 	88	 	8,02	 	10,2	 	9,1	 
1.1.2022 6:50	MET_GARDEN	9,9	 	88	 	8,02	 	10,2	 	9,1	 
1.1.2022 6:51	MET_GARDEN	9,9	 	87	 	7,85	 	10,2	 	9,1	 
1.1.2022 6:52	MET_GARDEN	10	 	87	 	7,95	 	10,2	 	9,1	 
1.1.2022 6:53	MET_GARDEN	9,9	 	87	 	7,85	 	10,2	 	9,1	 
1.1.2022 6:54	MET_GARDEN	9,9	 	87	 	7,85	 	10,2	 	9,1	 
1.1.2022 6:55	MET_GARDEN	9,9	 	88	 	8,02	 	10,2	 	9,1	 
1.1.2022 6:56	MET_GARDEN	9,9	 	88	 	8,02	 	10,2	 	9,1	 
1.1.2022 6:57	MET_GARDEN	9,9	 	88	 	8,02	 	10,2	 	9,1	 
1.1.2022 6:58	MET_GARDEN	9,9	 	88	 	8,02	 	10,2	 	9,1	 
1.1.2022 6:59	MET_GARDEN	9,9	 	88	 	8,02	 	10,2	 	9,1	 
1.1.2022 7:00	MET_GARDEN	10	 	88	 	8,12	 	10,2	 	9,1	 
1.1.2022 7:01	MET_GARDEN	10	 	87	 	7,95	 	10,2	 	9,1	 
1.1.2022 7:02	MET_GARDEN	9,9	 	87	 	7,85	 	10,2	 	9,1	 
1.1.2022 7:03	MET_GARDEN	10	 	87	 	7,95	 	10,2	 	9,1	 
1.1.2022 7:04	MET_GARDEN	10	 	87	 	7,95	 	10,2	 	9,1	 
1.1.2022 7:05	MET_GARDEN	10	 	87	 	7,95	 	10,2	 	9,1	 
1.1.2022 7:06	MET_GARDEN	9,9	 	87	 	7,85	 	10,2	 	9,1	 
1.1.2022 7:07	MET_GARDEN	9,9	 	88	 	8,02	 	10,2	 	9,1	 
1.1.2022 7:08	MET_GARDEN	9,9	 	88	 	8,02	 	10,2	 	9,1	 
1.1.2022 7:09	MET_GARDEN	9,9	 	88	 	8,02	 	10,2	 	9,1	 
1.1.2022 7:10	MET_GARDEN	9,9	 	88	 	8,02	 	10,2	 	9,1	 
1.1.2022 7:11	MET_GARDEN	10	 	88	 	8,12	 	10,2	 	9,1	 
1.1.2022 7:12	MET_GARDEN	10	 	87	 	7,95	 	10,2	 	9,1	 
1.1.2022 7:13	MET_GARDEN	10	 	87	 	7,95	 	10,2	 	9,1	 
1.1.2022 7:14	MET_GARDEN	9,9	 	87	 	7,85	 	10,2	 	9,1	 
1.1.2022 7:15	MET_GARDEN	9,9	 	88	 	8,02	 	10,2	 	9,1	 
1.1.2022 7:16	MET_GARDEN	9,8	 	88	 	7,92	 	10,2	 	9,1	 
1.1.2022 7:17	MET_GARDEN	9,8	 	88	 	7,92	 	10,2	 	9,1	 
1.1.2022 7:18	MET_GARDEN	9,9	 	88	 	8,02	 	10,2	 	9,1	 
1.1.2022 7:19	MET_GARDEN	9,9	 	88	 	8,02	 	10,2	 	9,1	 
1.1.2022 7:20	MET_GARDEN	10	 	88	 	8,12	 	10,2	 	9,1	 
1.1.2022 7:21	MET_GARDEN	10	 	88	 	8,12	 	10,2	 	9,1	 
1.1.2022 7:22	MET_GARDEN	10	 	87	 	7,95	 	10,2	 	9,1	 
1.1.2022 7:23	MET_GARDEN	9,9	 	87	 	7,85	 	10,2	 	9,1	 
1.1.2022 7:24	MET_GARDEN	9,9	 	88	 	8,02	 	10,2	 	9,1	 
1.1.2022 7:25	MET_GARDEN	9,9	 	88	 	8,02	 	10,2	 	9,1	 
1.1.2022 7:26	MET_GARDEN	9,9	 	88	 	8,02	 	10,2	 	9,1	 
1.1.2022 7:27	MET_GARDEN	9,8	 	88	 	7,92	 	10,2	 	9,1	 
1.1.2022 7:28	MET_GARDEN	9,8	 	88	 	7,92	 	10,2	 	9,1	 
1.1.2022 7:29	MET_GARDEN	9,8	 	88	 	7,92	 	10,2	 	9,1	 
1.1.2022 7:30	MET_GARDEN	9,8	 	88	 	7,92	 	10,2	 	9,1	 
1.1.2022 7:31	MET_GARDEN	9,9	 	88	 	8,02	 	10,2	 	9,1	 
1.1.2022 7:32	MET_GARDEN	9,9	 	88	 	8,02	 	10,2	 	9,1	 
1.1.2022 7:33	MET_GARDEN	9,9	 	87	 	7,85	 	10,2	 	9,1	 
1.1.2022 7:34	MET_GARDEN	9,9	 	87	 	7,85	 	10,2	 	9,1	 
1.1.2022 7:35	MET_GARDEN	9,9	 	87	 	7,85	 	10,2	 	9,1	 
1.1.2022 7:36	MET_GARDEN	9,8	 	87	 	7,75	 	10,2	 	9,1	 
1.1.2022 7:37	MET_GARDEN	9,8	 	88	 	7,92	 	10,2	 	9,1	 
1.1.2022 7:38	MET_GARDEN	9,8	 	88	 	7,92	 	10,2	 	9,1	 
1.1.2022 7:39	MET_GARDEN	9,7	 	88	 	7,82	 	10,2	 	9,1	 
1.1.2022 7:40	MET_GARDEN	9,7	 	88	 	7,82	 	10,2	 	9,1	 
1.1.2022 7:41	MET_GARDEN	9,7	 	88	 	7,82	 	10,2	 	9,1	 
1.1.2022 7:42	MET_GARDEN	9,7	 	88	 	7,82	 	10,2	 	9,1	 
1.1.2022 7:43	MET_GARDEN	9,7	 	88	 	7,82	 	10,2	 	9,1	 
1.1.2022 7:44	MET_GARDEN	9,7	 	88	 	7,82	 	10,2	 	9,1	 
1.1.2022 7:45	MET_GARDEN	9,7	 	88	 	7,82	 	10,2	 	9,1	 
1.1.2022 7:46	MET_GARDEN	9,7	 	88	 	7,82	 	10,2	 	9,1	 
1.1.2022 7:47	MET_GARDEN	9,7	 	89	 	7,99	 	10,2	 	9,1	 
1.1.2022 7:48	MET_GARDEN	9,7	 	89	 	7,99	 	10,2	 	9,1	 
1.1.2022 7:49	MET_GARDEN	9,7	 	89	 	7,99	 	10,2	 	9,1	 
1.1.2022 7:50	MET_GARDEN	9,7	 	88	 	7,82	 	10,2	 	9,1	 
1.1.2022 7:51	MET_GARDEN	9,7	 	89	 	7,99	 	10,2	 	9,1	 
1.1.2022 7:52	MET_GARDEN	9,8	 	89	 	8,09	 	10,2	 	9,1	 
1.1.2022 7:53	MET_GARDEN	9,9	 	88	 	8,02	 	10,2	 	9,1	 
1.1.2022 7:54	MET_GARDEN	9,9	 	88	 	8,02	 	10,2	 	9,1	 
1.1.2022 7:55	MET_GARDEN	9,9	 	88	 	8,02	 	10,2	 	9,1	 
1.1.2022 7:56	MET_GARDEN	9,9	 	88	 	8,02	 	10,2	 	9,1	 
1.1.2022 7:57	MET_GARDEN	9,9	 	88	 	8,02	 	10,2	 	9,1	 
1.1.2022 7:58	MET_GARDEN	9,8	 	88	 	7,92	 	10,2	 	9,1	 
1.1.2022 7:59	MET_GARDEN	9,8	 	89	 	8,09	 	10,2	 	9,1	 
1.1.2022 8:00	MET_GARDEN	9,9	 	89	 	8,18	 	10,2	 	9,1	 
1.1.2022 8:01	MET_GARDEN	9,9	 	89	 	8,18	 	10,2	 	9,1	 
1.1.2022 8:02	MET_GARDEN	10	 	88	 	8,12	 	10,2	 	9,1	 
1.1.2022 8:03	MET_GARDEN	10	 	88	 	8,12	 	10,2	 	9,1	 
1.1.2022 8:04	MET_GARDEN	10	 	88	 	8,12	 	10,2	 	9,1	 
1.1.2022 8:05	MET_GARDEN	10	 	88	 	8,12	 	10,2	 	9,1	 
1.1.2022 8:06	MET_GARDEN	10	 	88	 	8,12	 	10,2	 	9,1	 
1.1.2022 8:07	MET_GARDEN	10	 	88	 	8,12	 	10,2	 	9,1	 
1.1.2022 8:08	MET_GARDEN	10	 	88	 	8,12	 	10,2	 	9,1	 
1.1.2022 8:09	MET_GARDEN	10	 	88	 	8,12	 	10,2	 	9,1	 
1.1.2022 8:10	MET_GARDEN	10	 	89	 	8,28	 	10,2	 	9,1	 
1.1.2022 8:11	MET_GARDEN	10	 	88	 	8,12	 	10,2	 	9,1	 
1.1.2022 8:12	MET_GARDEN	10,1	 	88	 	8,22	 	10,2	 	9,1	 
1.1.2022 8:13	MET_GARDEN	10,1	 	88	 	8,22	 	10,2	 	9,1	 
1.1.2022 8:14	MET_GARDEN	10,1	 	88	 	8,22	 	10,2	 	9,1	 
1.1.2022 8:15	MET_GARDEN	10,1	 	88	 	8,22	 	10,2	 	9,1	 
1.1.2022 8:16	MET_GARDEN	10,1	 	88	 	8,22	 	10,2	 	9,1	 
1.1.2022 8:17	MET_GARDEN	10	 	88	 	8,12	 	10,2	 	9,1	 
1.1.2022 8:18	MET_GARDEN	10	 	89	 	8,28	 	10,2	 	9,1	 
1.1.2022 8:19	MET_GARDEN	10,1	 	89	 	8,38	 	10,2	 	9,1	 
1.1.2022 8:20	MET_GARDEN	10,1	 	88	 	8,22	 	10,2	 	9,1	 
1.1.2022 8:21	MET_GARDEN	10	 	89	 	8,28	 	10,2	 	9,1	 
1.1.2022 8:22	MET_GARDEN	10	 	89	 	8,28	 	10,2	 	9,1	 
1.1.2022 8:23	MET_GARDEN	10,1	 	89	 	8,38	 	10,2	 	9,1	 
1.1.2022 8:24	MET_GARDEN	10,2	 	88	 	8,32	 	10,2	 	9,1	 
1.1.2022 8:25	MET_GARDEN	10,2	 	88	 	8,32	 	10,2	 	9,1	 
1.1.2022 8:26	MET_GARDEN	10,1	 	88	 	8,22	 	10,2	 	9,1	 
1.1.2022 8:27	MET_GARDEN	10,1	 	88	 	8,22	 	10,2	 	9,1	 
1.1.2022 8:28	MET_GARDEN	10,2	 	88	 	8,32	 	10,2	 	9,1	 
1.1.2022 8:29	MET_GARDEN	10,2	 	88	 	8,32	 	10,2	 	9,1	 
1.1.2022 8:30	MET_GARDEN	10,2	 	88	 	8,32	 	10,2	 	9,1	 
1.1.2022 8:31	MET_GARDEN	10,2	 	88	 	8,32	 	10,2	 	9,1	 
1.1.2022 8:32	MET_GARDEN	10,3	 	88	 	8,41	 	10,2	 	9,1	 
1.1.2022 8:33	MET_GARDEN	10,3	 	88	 	8,41	 	10,3	 	9,1	 
1.1.2022 8:34	MET_GARDEN	10,3	 	88	 	8,41	 	10,3	 	9,1	 
1.1.2022 8:35	MET_GARDEN	10,3	 	88	 	8,41	 	10,3	 	9,1	 
1.1.2022 8:36	MET_GARDEN	10,3	 	88	 	8,41	 	10,3	 	9,1	 
1.1.2022 8:37	MET_GARDEN	10,3	 	88	 	8,41	 	10,3	 	9,1	 
1.1.2022 8:38	MET_GARDEN	10,3	 	88	 	8,41	 	10,3	 	9,1	 
1.1.2022 8:39	MET_GARDEN	10,3	 	88	 	8,41	 	10,3	 	9,1	 
1.1.2022 8:40	MET_GARDEN	10,4	 	87	 	8,35	 	10,3	 	9,1	 
1.1.2022 8:41	MET_GARDEN	10,4	 	87	 	8,35	 	10,4	 	9,1	 
1.1.2022 8:42	MET_GARDEN	10,4	 	87	 	8,35	 	10,4	 	9,1	 
1.1.2022 8:43	MET_GARDEN	10,4	 	87	 	8,35	 	10,4	 	9,1	 
1.1.2022 8:44	MET_GARDEN	10,4	 	87	 	8,35	 	10,4	 	9,1	 
1.1.2022 8:45	MET_GARDEN	10,4	 	87	 	8,35	 	10,4	 	9,1	 
1.1.2022 8:46	MET_GARDEN	10,4	 	87	 	8,35	 	10,4	 	9,1	 
1.1.2022 8:47	MET_GARDEN	10,4	 	87	 	8,35	 	10,4	 	9,1	 
1.1.2022 8:48	MET_GARDEN	10,4	 	87	 	8,35	 	10,4	 	9,1	 
1.1.2022 8:49	MET_GARDEN	10,4	 	87	 	8,35	 	10,4	 	9,1	 
1.1.2022 8:50	MET_GARDEN	10,4	 	87	 	8,35	 	10,4	 	9,1	 
1.1.2022 8:51	MET_GARDEN	10,3	 	87	 	8,25	 	10,4	 	9,1	 
1.1.2022 8:52	MET_GARDEN	10,3	 	87	 	8,25	 	10,4	 	9,1	 
1.1.2022 8:53	MET_GARDEN	10,3	 	87	 	8,25	 	10,4	 	9,1	 
1.1.2022 8:54	MET_GARDEN	10,4	 	87	 	8,35	 	10,4	 	9,1	 
1.1.2022 8:55	MET_GARDEN	10,4	 	87	 	8,35	 	10,4	 	9,1	 
1.1.2022 8:56	MET_GARDEN	10,4	 	87	 	8,35	 	10,4	 	9,1	 
1.1.2022 8:57	MET_GARDEN	10,4	 	87	 	8,35	 	10,4	 	9,1	 
1.1.2022 8:58	MET_GARDEN	10,4	 	87	 	8,35	 	10,4	 	9,1	 
1.1.2022 8:59	MET_GARDEN	10,4	 	87	 	8,35	 	10,4	 	9,1	 
1.1.2022 9:00	MET_GARDEN	10,4	 	87	 	8,35	 	10,4	 	9,1	 
1.1.2022 9:01	MET_GARDEN	10,4	 	87	 	8,35	 	10,4	 	9,1	 
1.1.2022 9:02	MET_GARDEN	10,4	 	88	 	8,51	 	10,4	 	9,1	 
1.1.2022 9:03	MET_GARDEN	10,4	 	87	 	8,35	 	10,4	 	9,1	 
1.1.2022 9:04	MET_GARDEN	10,4	 	87	 	8,35	 	10,4	 	9,1	 
1.1.2022 9:05	MET_GARDEN	10,4	 	87	 	8,35	 	10,4	 	9,1	 
1.1.2022 9:06	MET_GARDEN	10,4	 	87	 	8,35	 	10,4	 	9,1	 
1.1.2022 9:07	MET_GARDEN	10,4	 	87	 	8,35	 	10,4	 	9,1	 
1.1.2022 9:08	MET_GARDEN	10,4	 	87	 	8,35	 	10,4	 	9,1	 
1.1.2022 9:09	MET_GARDEN	10,4	 	87	 	8,35	 	10,4	 	9,1	 
1.1.2022 9:10	MET_GARDEN	10,4	 	87	 	8,35	 	10,4	 	9,1	 
1.1.2022 9:11	MET_GARDEN	10,4	 	87	 	8,35	 	10,4	 	9,1	 
1.1.2022 9:12	MET_GARDEN	10,5	 	86	 	8,27	 	10,4	 	9,1	 
1.1.2022 9:13	MET_GARDEN	10,5	 	86	 	8,27	 	10,5	 	9,1	 
1.1.2022 9:14	MET_GARDEN	10,5	 	86	 	8,27	 	10,5	 	9,1	 
1.1.2022 9:15	MET_GARDEN	10,5	 	86	 	8,27	 	10,5	 	9,1	 
1.1.2022 9:16	MET_GARDEN	10,5	 	86	 	8,27	 	10,5	 	9,1	 
1.1.2022 9:17	MET_GARDEN	10,5	 	86	 	8,27	 	10,5	 	9,1	 
1.1.2022 9:18	MET_GARDEN	10,4	 	87	 	8,35	 	10,5	 	9,1	 
1.1.2022 9:19	MET_GARDEN	10,4	 	87	 	8,35	 	10,5	 	9,1	 
1.1.2022 9:20	MET_GARDEN	10,4	 	87	 	8,35	 	10,5	 	9,1	 
1.1.2022 9:21	MET_GARDEN	10,4	 	87	 	8,35	 	10,5	 	9,1	 
1.1.2022 9:22	MET_GARDEN	10,4	 	87	 	8,35	 	10,5	 	9,1	 
1.1.2022 9:23	MET_GARDEN	10,4	 	87	 	8,35	 	10,5	 	9,1	 
1.1.2022 9:24	MET_GARDEN	10,4	 	87	 	8,35	 	10,5	 	9,1	 
1.1.2022 9:25	MET_GARDEN	10,4	 	87	 	8,35	 	10,5	 	9,1	 
1.1.2022 9:26	MET_GARDEN	10,4	 	87	 	8,35	 	10,5	 	9,1	 
1.1.2022 9:27	MET_GARDEN	10,5	 	87	 	8,44	 	10,5	 	9,1	 
1.1.2022 9:28	MET_GARDEN	10,5	 	87	 	8,44	 	10,5	 	9,1	 
1.1.2022 9:29	MET_GARDEN	10,5	 	87	 	8,44	 	10,5	 	9,1	 
1.1.2022 9:30	MET_GARDEN	10,5	 	87	 	8,44	 	10,5	 	9,1	 
1.1.2022 9:31	MET_GARDEN	10,5	 	86	 	8,27	 	10,5	 	9,1	 
1.1.2022 9:32	MET_GARDEN	10,5	 	86	 	8,27	 	10,5	 	9,1	 
1.1.2022 9:33	MET_GARDEN	10,6	 	86	 	8,37	 	10,5	 	9,1	 
1.1.2022 9:34	MET_GARDEN	10,6	 	86	 	8,37	 	10,6	 	9,1	 
1.1.2022 9:35	MET_GARDEN	10,6	 	86	 	8,37	 	10,6	 	9,1	 
1.1.2022 9:36	MET_GARDEN	10,6	 	86	 	8,37	 	10,6	 	9,1	 
1.1.2022 9:37	MET_GARDEN	10,6	 	86	 	8,37	 	10,6	 	9,1	 
1.1.2022 9:38	MET_GARDEN	10,6	 	86	 	8,37	 	10,6	 	9,1	 
1.1.2022 9:39	MET_GARDEN	10,6	 	86	 	8,37	 	10,6	 	9,1	 
1.1.2022 9:40	MET_GARDEN	10,6	 	86	 	8,37	 	10,6	 	9,1	 
1.1.2022 9:41	MET_GARDEN	10,6	 	86	 	8,37	 	10,6	 	9,1	 
1.1.2022 9:42	MET_GARDEN	10,6	 	86	 	8,37	 	10,6	 	9,1	 
1.1.2022 9:43	MET_GARDEN	10,7	 	85	 	8,3	 	10,6	 	9,1	 
1.1.2022 9:44	MET_GARDEN	10,7	 	85	 	8,3	 	10,7	 	9,1	 
1.1.2022 9:45	MET_GARDEN	10,7	 	85	 	8,3	 	10,7	 	9,1	 
1.1.2022 9:46	MET_GARDEN	10,7	 	85	 	8,3	 	10,7	 	9,1	 
1.1.2022 9:47	MET_GARDEN	10,7	 	85	 	8,3	 	10,7	 	9,1	 
1.1.2022 9:48	MET_GARDEN	10,7	 	85	 	8,3	 	10,7	 	9,1	 
1.1.2022 9:49	MET_GARDEN	10,7	 	86	 	8,47	 	10,7	 	9,1	 
1.1.2022 9:50	MET_GARDEN	10,7	 	86	 	8,47	 	10,7	 	9,1	 
1.1.2022 9:51	MET_GARDEN	10,7	 	86	 	8,47	 	10,7	 	9,1	 
1.1.2022 9:52	MET_GARDEN	10,8	 	86	 	8,57	 	10,7	 	9,1	 
1.1.2022 9:53	MET_GARDEN	10,8	 	86	 	8,57	 	10,8	 	9,1	 
1.1.2022 9:54	MET_GARDEN	10,8	 	86	 	8,57	 	10,8	 	9,1	 
1.1.2022 9:55	MET_GARDEN	10,8	 	86	 	8,57	 	10,8	 	9,1	 
1.1.2022 9:56	MET_GARDEN	10,8	 	86	 	8,57	 	10,8	 	9,1	 
1.1.2022 9:57	MET_GARDEN	10,8	 	86	 	8,57	 	10,8	 	9,1	 
1.1.2022 9:58	MET_GARDEN	10,9	 	86	 	8,67	 	10,8	 	9,1	 
1.1.2022 9:59	MET_GARDEN	10,9	 	86	 	8,67	 	10,9	 	9,1	 
1.1.2022 10:00	MET_GARDEN	10,9	 	86	 	8,67	 	10,9	 	9,1	 
1.1.2022 10:01	MET_GARDEN	11	 	86	 	8,77	 	10,9	 	9,1	 
1.1.2022 10:02	MET_GARDEN	11	 	86	 	8,77	 	11	 	9,1	 
1.1.2022 10:03	MET_GARDEN	11	 	86	 	8,77	 	11	 	9,1	 
1.1.2022 10:04	MET_GARDEN	11	 	85	 	8,6	 	11	 	9,1	 
1.1.2022 10:05	MET_GARDEN	11	 	85	 	8,6	 	11	 	9,1	 
1.1.2022 10:06	MET_GARDEN	11	 	86	 	8,77	 	11	 	9,1	 
1.1.2022 10:07	MET_GARDEN	11	 	85	 	8,6	 	11	 	9,1	 
1.1.2022 10:08	MET_GARDEN	11	 	85	 	8,6	 	11	 	9,1	 
1.1.2022 10:09	MET_GARDEN	11,1	 	85	 	8,69	 	11	 	9,1	 
1.1.2022 10:10	MET_GARDEN	11	 	86	 	8,77	 	11,1	 	9,1	 
1.1.2022 10:11	MET_GARDEN	11	 	85	 	8,6	 	11,1	 	9,1	 
1.1.2022 10:12	MET_GARDEN	11	 	85	 	8,6	 	11,1	 	9,1	 
1.1.2022 10:13	MET_GARDEN	11,1	 	85	 	8,69	 	11,1	 	9,1	 
1.1.2022 10:14	MET_GARDEN	11	 	85	 	8,6	 	11,1	 	9,1	 
1.1.2022 10:15	MET_GARDEN	11,1	 	85	 	8,69	 	11,1	 	9,1	 
1.1.2022 10:16	MET_GARDEN	11	 	85	 	8,6	 	11,1	 	9,1	 
1.1.2022 10:17	MET_GARDEN	11,1	 	85	 	8,69	 	11,1	 	9,1	 
1.1.2022 10:18	MET_GARDEN	11,1	 	85	 	8,69	 	11,1	 	9,1	 
1.1.2022 10:19	MET_GARDEN	11,1	 	85	 	8,69	 	11,1	 	9,1	 
1.1.2022 10:20	MET_GARDEN	11,1	 	85	 	8,69	 	11,1	 	9,1	 
1.1.2022 10:21	MET_GARDEN	11,1	 	85	 	8,69	 	11,1	 	9,1	 
1.1.2022 10:22	MET_GARDEN	11,1	 	85	 	8,69	 	11,1	 	9,1	 
1.1.2022 10:23	MET_GARDEN	11,1	 	85	 	8,69	 	11,1	 	9,1	 
1.1.2022 10:24	MET_GARDEN	11,1	 	85	 	8,69	 	11,1	 	9,1	 
1.1.2022 10:25	MET_GARDEN	11,1	 	85	 	8,69	 	11,1	 	9,1	 
1.1.2022 10:26	MET_GARDEN	11,1	 	84	 	8,52	 	11,1	 	9,1	 
1.1.2022 10:27	MET_GARDEN	11,2	 	84	 	8,62	 	11,1	 	9,1	 
1.1.2022 10:28	MET_GARDEN	11,2	 	84	 	8,62	 	11,2	 	9,1	 
1.1.2022 10:29	MET_GARDEN	11,2	 	84	 	8,62	 	11,2	 	9,1	 
1.1.2022 10:30	MET_GARDEN	11,2	 	85	 	8,79	 	11,2	 	9,1	 
1.1.2022 10:31	MET_GARDEN	11,2	 	85	 	8,79	 	11,2	 	9,1	 
1.1.2022 10:32	MET_GARDEN	11,2	 	85	 	8,79	 	11,2	 	9,1	 
1.1.2022 10:33	MET_GARDEN	11,2	 	85	 	8,79	 	11,2	 	9,1	 
1.1.2022 10:34	MET_GARDEN	11,2	 	85	 	8,79	 	11,2	 	9,1	 
1.1.2022 10:35	MET_GARDEN	11,2	 	85	 	8,79	 	11,2	 	9,1	 
1.1.2022 10:36	MET_GARDEN	11,2	 	84	 	8,62	 	11,2	 	9,1	 
1.1.2022 10:37	MET_GARDEN	11,3	 	84	 	8,72	 	11,2	 	9,1	 
1.1.2022 10:38	MET_GARDEN	11,3	 	84	 	8,72	 	11,3	 	9,1	 
1.1.2022 10:39	MET_GARDEN	11,3	 	84	 	8,72	 	11,3	 	9,1	 
1.1.2022 10:40	MET_GARDEN	11,3	 	84	 	8,72	 	11,3	 	9,1	 
1.1.2022 10:41	MET_GARDEN	11,3	 	84	 	8,72	 	11,3	 	9,1	 
1.1.2022 10:42	MET_GARDEN	11,3	 	84	 	8,72	 	11,3	 	9,1	 
1.1.2022 10:43	MET_GARDEN	11,3	 	84	 	8,72	 	11,3	 	9,1	 
1.1.2022 10:44	MET_GARDEN	11,3	 	84	 	8,72	 	11,3	 	9,1	 
1.1.2022 10:45	MET_GARDEN	11,3	 	83	 	8,54	 	11,3	 	9,1	 
1.1.2022 10:46	MET_GARDEN	11,4	 	83	 	8,64	 	11,3	 	9,1	 
1.1.2022 10:47	MET_GARDEN	11,4	 	83	 	8,64	 	11,4	 	9,1	 
1.1.2022 10:48	MET_GARDEN	11,4	 	84	 	8,81	 	11,4	 	9,1	 
1.1.2022 10:49	MET_GARDEN	11,4	 	84	 	8,81	 	11,4	 	9,1	 
1.1.2022 10:50	MET_GARDEN	11,4	 	83	 	8,64	 	11,4	 	9,1	 
1.1.2022 10:51	MET_GARDEN	11,4	 	83	 	8,64	 	11,4	 	9,1	 
1.1.2022 10:52	MET_GARDEN	11,4	 	82	 	8,46	 	11,4	 	9,1	 
1.1.2022 10:53	MET_GARDEN	11,4	 	83	 	8,64	 	11,4	 	9,1	 
1.1.2022 10:54	MET_GARDEN	11,4	 	83	 	8,64	 	11,4	 	9,1	 
1.1.2022 10:55	MET_GARDEN	11,4	 	83	 	8,64	 	11,4	 	9,1	 
1.1.2022 10:56	MET_GARDEN	11,4	 	83	 	8,64	 	11,4	 	9,1	 
1.1.2022 10:57	MET_GARDEN	11,4	 	83	 	8,64	 	11,4	 	9,1	 
1.1.2022 10:58	MET_GARDEN	11,5	 	84	 	8,91	 	11,4	 	9,1	 
1.1.2022 10:59	MET_GARDEN	11,5	 	84	 	8,91	 	11,5	 	9,1	 
1.1.2022 11:00	MET_GARDEN	11,5	 	84	 	8,91	 	11,5	 	9,1	 
1.1.2022 11:01	MET_GARDEN	11,5	 	83	 	8,74	 	11,5	 	9,1	 
1.1.2022 11:02	MET_GARDEN	11,6	 	82	 	8,66	 	11,5	 	9,1	 
1.1.2022 11:03	MET_GARDEN	11,6	 	83	 	8,83	 	11,6	 	9,1	 
1.1.2022 11:04	MET_GARDEN	11,6	 	82	 	8,66	 	11,6	 	9,1	 
1.1.2022 11:05	MET_GARDEN	11,6	 	82	 	8,66	 	11,6	 	9,1	 
1.1.2022 11:06	MET_GARDEN	11,6	 	82	 	8,66	 	11,6	 	9,1	 
1.1.2022 11:07	MET_GARDEN	11,7	 	83	 	8,93	 	11,6	 	9,1	 
1.1.2022 11:08	MET_GARDEN	11,7	 	83	 	8,93	 	11,7	 	9,1	 
1.1.2022 11:09	MET_GARDEN	11,7	 	83	 	8,93	 	11,7	 	9,1	 
1.1.2022 11:10	MET_GARDEN	11,7	 	83	 	8,93	 	11,7	 	9,1	 
1.1.2022 11:11	MET_GARDEN	11,7	 	83	 	8,93	 	11,7	 	9,1	 
1.1.2022 11:12	MET_GARDEN	11,7	 	82	 	8,75	 	11,7	 	9,1	 
1.1.2022 11:13	MET_GARDEN	11,8	 	82	 	8,85	 	11,7	 	9,1	 
1.1.2022 11:14	MET_GARDEN	11,8	 	81	 	8,67	 	11,8	 	9,1	 
1.1.2022 11:15	MET_GARDEN	11,9	 	81	 	8,77	 	11,8	 	9,1	 
1.1.2022 11:16	MET_GARDEN	11,9	 	80	 	8,59	 	11,9	 	9,1	 
1.1.2022 11:17	MET_GARDEN	12	 	80	 	8,69	 	11,9	 	9,1	 
1.1.2022 11:18	MET_GARDEN	12	 	81	 	8,87	 	12	 	9,1	 
1.1.2022 11:19	MET_GARDEN	12	 	81	 	8,87	 	12	 	9,1	 
1.1.2022 11:20	MET_GARDEN	12	 	80	 	8,69	 	12	 	9,1	 
1.1.2022 11:21	MET_GARDEN	12	 	80	 	8,69	 	12	 	9,1	 
1.1.2022 11:22	MET_GARDEN	12,1	 	80	 	8,78	 	12	 	9,1	 
1.1.2022 11:23	MET_GARDEN	12,1	 	81	 	8,97	 	12,1	 	9,1	 
1.1.2022 11:24	MET_GARDEN	12,1	 	81	 	8,97	 	12,1	 	9,1	 
1.1.2022 11:25	MET_GARDEN	12	 	80	 	8,69	 	12,1	 	9,1	 
1.1.2022 11:26	MET_GARDEN	12,1	 	80	 	8,78	 	12,1	 	9,1	 
1.1.2022 11:27	MET_GARDEN	12,1	 	82	 	9,15	 	12,1	 	9,1	 
1.1.2022 11:28	MET_GARDEN	12	 	82	 	9,05	 	12,1	 	9,1	 
1.1.2022 11:29	MET_GARDEN	12	 	82	 	9,05	 	12,1	 	9,1	 
1.1.2022 11:30	MET_GARDEN	12	 	82	 	9,05	 	12,1	 	9,1	 
1.1.2022 11:31	MET_GARDEN	12	 	82	 	9,05	 	12,1	 	9,1	 
1.1.2022 11:32	MET_GARDEN	12,1	 	81	 	8,97	 	12,1	 	9,1	 
1.1.2022 11:33	MET_GARDEN	12,1	 	80	 	8,78	 	12,1	 	9,1	 
1.1.2022 11:34	MET_GARDEN	12,1	 	80	 	8,78	 	12,1	 	9,1	 
1.1.2022 11:35	MET_GARDEN	12,1	 	81	 	8,97	 	12,1	 	9,1	 
1.1.2022 11:36	MET_GARDEN	12,1	 	81	 	8,97	 	12,1	 	9,1	 
1.1.2022 11:37	MET_GARDEN	12,1	 	79	 	8,6	 	12,1	 	9,1	 
1.1.2022 11:38	MET_GARDEN	12,2	 	78	 	8,51	 	12,1	 	9,1	 
1.1.2022 11:39	MET_GARDEN	12,2	 	78	 	8,51	 	12,2	 	9,1	 
1.1.2022 11:40	MET_GARDEN	12,2	 	78	 	8,51	 	12,2	 	9,1	 
1.1.2022 11:41	MET_GARDEN	12,2	 	78	 	8,51	 	12,2	 	9,1	 
1.1.2022 11:42	MET_GARDEN	12,2	 	78	 	8,51	 	12,2	 	9,1	 
1.1.2022 11:43	MET_GARDEN	12,2	 	78	 	8,51	 	12,2	 	9,1	 
1.1.2022 11:44	MET_GARDEN	12,2	 	76	 	8,13	 	12,2	 	9,1	 
1.1.2022 11:45	MET_GARDEN	12,2	 	76	 	8,13	 	12,2	 	9,1	 
1.1.2022 11:46	MET_GARDEN	12,2	 	75	 	7,94	 	12,2	 	9,1	 
1.1.2022 11:47	MET_GARDEN	12,2	 	77	 	8,32	 	12,2	 	9,1	 
1.1.2022 11:48	MET_GARDEN	12,2	 	77	 	8,32	 	12,2	 	9,1	 
1.1.2022 11:49	MET_GARDEN	12,2	 	76	 	8,13	 	12,2	 	9,1	 
1.1.2022 11:50	MET_GARDEN	12,1	 	77	 	8,22	 	12,2	 	9,1	 
1.1.2022 11:51	MET_GARDEN	12,1	 	77	 	8,22	 	12,2	 	9,1	 
1.1.2022 11:52	MET_GARDEN	12,1	 	78	 	8,41	 	12,2	 	9,1	 
1.1.2022 11:53	MET_GARDEN	12,1	 	77	 	8,22	 	12,2	 	9,1	 
1.1.2022 11:54	MET_GARDEN	12,1	 	77	 	8,22	 	12,2	 	9,1	 
1.1.2022 11:55	MET_GARDEN	12,1	 	77	 	8,22	 	12,2	 	9,1	 
1.1.2022 11:56	MET_GARDEN	12,1	 	77	 	8,22	 	12,2	 	9,1	 
1.1.2022 11:57	MET_GARDEN	12,1	 	76	 	8,03	 	12,2	 	9,1	 
1.1.2022 11:58	MET_GARDEN	12,1	 	75	 	7,84	 	12,2	 	9,1	 
1.1.2022 11:59	MET_GARDEN	12,1	 	74	 	7,64	 	12,2	 	9,1	 
1.1.2022 12:00	MET_GARDEN	12,2	 	74	 	7,74	 	12,2	 	9,1	 
1.1.2022 12:01	MET_GARDEN	12,1	 	76	 	8,03	 	12,2	 	9,1	 
1.1.2022 12:02	MET_GARDEN	12	 	79	 	8,5	 	12,2	 	9,1	 
1.1.2022 12:03	MET_GARDEN	11,9	 	80	 	8,59	 	12,2	 	9,1	 
1.1.2022 12:04	MET_GARDEN	11,8	 	81	 	8,67	 	12,2	 	9,1	 
1.1.2022 12:05	MET_GARDEN	11,8	 	81	 	8,67	 	12,2	 	9,1	 
1.1.2022 12:06	MET_GARDEN	11,8	 	80	 	8,49	 	12,2	 	9,1	 
1.1.2022 12:07	MET_GARDEN	11,9	 	80	 	8,59	 	12,2	 	9,1	 
1.1.2022 12:08	MET_GARDEN	11,9	 	79	 	8,4	 	12,2	 	9,1	 
1.1.2022 12:09	MET_GARDEN	12	 	79	 	8,5	 	12,2	 	9,1	 
1.1.2022 12:10	MET_GARDEN	11,9	 	79	 	8,4	 	12,2	 	9,1	 
1.1.2022 12:11	MET_GARDEN	12	 	78	 	8,31	 	12,2	 	9,1	 
1.1.2022 12:12	MET_GARDEN	12	 	77	 	8,13	 	12,2	 	9,1	 
1.1.2022 12:13	MET_GARDEN	12	 	77	 	8,13	 	12,2	 	9,1	 
1.1.2022 12:14	MET_GARDEN	12	 	78	 	8,31	 	12,2	 	9,1	 
1.1.2022 12:15	MET_GARDEN	12	 	78	 	8,31	 	12,2	 	9,1	 
1.1.2022 12:16	MET_GARDEN	12	 	78	 	8,31	 	12,2	 	9,1	 
1.1.2022 12:17	MET_GARDEN	12	 	78	 	8,31	 	12,2	 	9,1	 
1.1.2022 12:18	MET_GARDEN	12	 	79	 	8,5	 	12,2	 	9,1	 
1.1.2022 12:19	MET_GARDEN	12	 	79	 	8,5	 	12,2	 	9,1	 
1.1.2022 12:20	MET_GARDEN	12	 	79	 	8,5	 	12,2	 	9,1	 
1.1.2022 12:21	MET_GARDEN	12	 	79	 	8,5	 	12,2	 	9,1	 
1.1.2022 12:22	MET_GARDEN	11,9	 	80	 	8,59	 	12,2	 	9,1	 
1.1.2022 12:23	MET_GARDEN	11,9	 	80	 	8,59	 	12,2	 	9,1	 
1.1.2022 12:24	MET_GARDEN	11,9	 	80	 	8,59	 	12,2	 	9,1	 
1.1.2022 12:25	MET_GARDEN	11,9	 	81	 	8,77	 	12,2	 	9,1	 
1.1.2022 12:26	MET_GARDEN	11,9	 	80	 	8,59	 	12,2	 	9,1	 
1.1.2022 12:27	MET_GARDEN	11,9	 	80	 	8,59	 	12,2	 	9,1	 
1.1.2022 12:28	MET_GARDEN	11,9	 	80	 	8,59	 	12,2	 	9,1	 
1.1.2022 12:29	MET_GARDEN	11,9	 	80	 	8,59	 	12,2	 	9,1	 
1.1.2022 12:30	MET_GARDEN	11,9	 	80	 	8,59	 	12,2	 	9,1	 
1.1.2022 12:31	MET_GARDEN	11,9	 	79	 	8,4	 	12,2	 	9,1	 
1.1.2022 12:32	MET_GARDEN	12	 	77	 	8,13	 	12,2	 	9,1	 
1.1.2022 12:33	MET_GARDEN	12,1	 	75	 	7,84	 	12,2	 	9,1	 
1.1.2022 12:34	MET_GARDEN	12,1	 	75	 	7,84	 	12,2	 	9,1	 
1.1.2022 12:35	MET_GARDEN	12,1	 	74	 	7,64	 	12,2	 	9,1	 
1.1.2022 12:36	MET_GARDEN	12,2	 	73	 	7,54	 	12,2	 	9,1	 
1.1.2022 12:37	MET_GARDEN	12,2	 	73	 	7,54	 	12,2	 	9,1	 
1.1.2022 12:38	MET_GARDEN	12,2	 	73	 	7,54	 	12,2	 	9,1	 
1.1.2022 12:39	MET_GARDEN	12,2	 	73	 	7,54	 	12,2	 	9,1	 
1.1.2022 12:40	MET_GARDEN	12,2	 	72	 	7,34	 	12,2	 	9,1	 
1.1.2022 12:41	MET_GARDEN	12,2	 	72	 	7,34	 	12,2	 	9,1	 
1.1.2022 12:42	MET_GARDEN	12,2	 	72	 	7,34	 	12,2	 	9,1	 
1.1.2022 12:43	MET_GARDEN	12,2	 	72	 	7,34	 	12,2	 	9,1	 
1.1.2022 12:44	MET_GARDEN	12,2	 	73	 	7,54	 	12,2	 	9,1	 
1.1.2022 12:45	MET_GARDEN	12,1	 	74	 	7,64	 	12,2	 	9,1	 
1.1.2022 12:46	MET_GARDEN	12,1	 	74	 	7,64	 	12,2	 	9,1	 
1.1.2022 12:47	MET_GARDEN	12,1	 	74	 	7,64	 	12,2	 	9,1	 
1.1.2022 12:48	MET_GARDEN	12,1	 	74	 	7,64	 	12,2	 	9,1	 
1.1.2022 12:49	MET_GARDEN	12,2	 	73	 	7,54	 	12,2	 	9,1	 
1.1.2022 12:50	MET_GARDEN	12,2	 	72	 	7,34	 	12,2	 	9,1	 
1.1.2022 12:51	MET_GARDEN	12,2	 	72	 	7,34	 	12,2	 	9,1	 
1.1.2022 12:52	MET_GARDEN	12,2	 	72	 	7,34	 	12,2	 	9,1	 
1.1.2022 12:53	MET_GARDEN	12,2	 	72	 	7,34	 	12,2	 	9,1	 
1.1.2022 12:54	MET_GARDEN	12,2	 	73	 	7,54	 	12,2	 	9,1	 
1.1.2022 12:55	MET_GARDEN	12,2	 	73	 	7,54	 	12,2	 	9,1	 
1.1.2022 12:56	MET_GARDEN	12,2	 	73	 	7,54	 	12,2	 	9,1	 
1.1.2022 12:57	MET_GARDEN	12,2	 	73	 	7,54	 	12,2	 	9,1	 
1.1.2022 12:58	MET_GARDEN	12,2	 	73	 	7,54	 	12,2	 	9,1	 
1.1.2022 12:59	MET_GARDEN	12,3	 	72	 	7,44	 	12,2	 	9,1	 
1.1.2022 13:00	MET_GARDEN	12,4	 	70	 	7,12	 	12,3	 	9,1	 
1.1.2022 13:01	MET_GARDEN	12,4	 	71	 	7,33	 	12,4	 	9,1	 
1.1.2022 13:02	MET_GARDEN	12,4	 	70	 	7,12	 	12,4	 	9,1	 
1.1.2022 13:03	MET_GARDEN	12,4	 	70	 	7,12	 	12,4	 	9,1	 
1.1.2022 13:04	MET_GARDEN	12,4	 	70	 	7,12	 	12,4	 	9,1	 
1.1.2022 13:05	MET_GARDEN	12,4	 	70	 	7,12	 	12,4	 	9,1	 
1.1.2022 13:06	MET_GARDEN	12,3	 	70	 	7,03	 	12,4	 	9,1	 
1.1.2022 13:07	MET_GARDEN	12,3	 	71	 	7,23	 	12,4	 	9,1	 
1.1.2022 13:08	MET_GARDEN	12,2	 	71	 	7,14	 	12,4	 	9,1	 
1.1.2022 13:09	MET_GARDEN	12,3	 	71	 	7,23	 	12,4	 	9,1	 
1.1.2022 13:10	MET_GARDEN	12,2	 	71	 	7,14	 	12,4	 	9,1	 
1.1.2022 13:11	MET_GARDEN	12,2	 	71	 	7,14	 	12,4	 	9,1	 
1.1.2022 13:12	MET_GARDEN	12,2	 	71	 	7,14	 	12,4	 	9,1	 
1.1.2022 13:13	MET_GARDEN	12,1	 	71	 	7,04	 	12,4	 	9,1	 
1.1.2022 13:14	MET_GARDEN	12,1	 	72	 	7,24	 	12,4	 	9,1	 
1.1.2022 13:15	MET_GARDEN	12,1	 	71	 	7,04	 	12,4	 	9,1	 
1.1.2022 13:16	MET_GARDEN	12,1	 	72	 	7,24	 	12,4	 	9,1	 
1.1.2022 13:17	MET_GARDEN	12,1	 	71	 	7,04	 	12,4	 	9,1	 
1.1.2022 13:18	MET_GARDEN	12,1	 	71	 	7,04	 	12,4	 	9,1	 
1.1.2022 13:19	MET_GARDEN	12,1	 	71	 	7,04	 	12,4	 	9,1	 
1.1.2022 13:20	MET_GARDEN	12,1	 	71	 	7,04	 	12,4	 	9,1	 
1.1.2022 13:21	MET_GARDEN	12,1	 	71	 	7,04	 	12,4	 	9,1	 
1.1.2022 13:22	MET_GARDEN	12,1	 	71	 	7,04	 	12,4	 	9,1	 
1.1.2022 13:23	MET_GARDEN	12,1	 	71	 	7,04	 	12,4	 	9,1	 
1.1.2022 13:24	MET_GARDEN	12,1	 	71	 	7,04	 	12,4	 	9,1	 
1.1.2022 13:25	MET_GARDEN	12,1	 	71	 	7,04	 	12,4	 	9,1	 
1.1.2022 13:26	MET_GARDEN	12,1	 	71	 	7,04	 	12,4	 	9,1	 
1.1.2022 13:27	MET_GARDEN	12,1	 	71	 	7,04	 	12,4	 	9,1	 
1.1.2022 13:28	MET_GARDEN	12,1	 	71	 	7,04	 	12,4	 	9,1	 
1.1.2022 13:29	MET_GARDEN	12,1	 	71	 	7,04	 	12,4	 	9,1	 
1.1.2022 13:30	MET_GARDEN	12,1	 	71	 	7,04	 	12,4	 	9,1	 
1.1.2022 13:31	MET_GARDEN	12,1	 	72	 	7,24	 	12,4	 	9,1	 
1.1.2022 13:32	MET_GARDEN	12,1	 	72	 	7,24	 	12,4	 	9,1	 
1.1.2022 13:33	MET_GARDEN	12,1	 	71	 	7,04	 	12,4	 	9,1	 
1.1.2022 13:34	MET_GARDEN	12	 	72	 	7,15	 	12,4	 	9,1	 
1.1.2022 13:35	MET_GARDEN	12	 	73	 	7,35	 	12,4	 	9,1	 
1.1.2022 13:36	MET_GARDEN	12	 	72	 	7,15	 	12,4	 	9,1	 
1.1.2022 13:37	MET_GARDEN	12	 	72	 	7,15	 	12,4	 	9,1	 
1.1.2022 13:38	MET_GARDEN	12	 	72	 	7,15	 	12,4	 	9,1	 
1.1.2022 13:39	MET_GARDEN	12	 	72	 	7,15	 	12,4	 	9,1	 
1.1.2022 13:40	MET_GARDEN	12	 	72	 	7,15	 	12,4	 	9,1	 
1.1.2022 13:41	MET_GARDEN	11,9	 	73	 	7,25	 	12,4	 	9,1	 
1.1.2022 13:42	MET_GARDEN	11,9	 	73	 	7,25	 	12,4	 	9,1	 
1.1.2022 13:43	MET_GARDEN	11,9	 	73	 	7,25	 	12,4	 	9,1	 
1.1.2022 13:44	MET_GARDEN	11,8	 	74	 	7,35	 	12,4	 	9,1	 
1.1.2022 13:45	MET_GARDEN	11,8	 	73	 	7,15	 	12,4	 	9,1	 
1.1.2022 13:46	MET_GARDEN	11,8	 	73	 	7,15	 	12,4	 	9,1	 
1.1.2022 13:47	MET_GARDEN	11,9	 	73	 	7,25	 	12,4	 	9,1	 
1.1.2022 13:48	MET_GARDEN	11,8	 	74	 	7,35	 	12,4	 	9,1	 
1.1.2022 13:49	MET_GARDEN	11,8	 	74	 	7,35	 	12,4	 	9,1	 
1.1.2022 13:50	MET_GARDEN	11,8	 	74	 	7,35	 	12,4	 	9,1	 
1.1.2022 13:51	MET_GARDEN	11,8	 	74	 	7,35	 	12,4	 	9,1	 
1.1.2022 13:52	MET_GARDEN	11,8	 	74	 	7,35	 	12,4	 	9,1	 
1.1.2022 13:53	MET_GARDEN	11,8	 	74	 	7,35	 	12,4	 	9,1	 
1.1.2022 13:54	MET_GARDEN	11,7	 	75	 	7,45	 	12,4	 	9,1	 
1.1.2022 13:55	MET_GARDEN	11,7	 	75	 	7,45	 	12,4	 	9,1	 
1.1.2022 13:56	MET_GARDEN	11,6	 	75	 	7,35	 	12,4	 	9,1	 
1.1.2022 13:57	MET_GARDEN	11,6	 	75	 	7,35	 	12,4	 	9,1	 
1.1.2022 13:58	MET_GARDEN	11,6	 	76	 	7,55	 	12,4	 	9,1	 
1.1.2022 13:59	MET_GARDEN	11,6	 	76	 	7,55	 	12,4	 	9,1	 
1.1.2022 14:00	MET_GARDEN	11,6	 	75	 	7,35	 	12,4	 	9,1	 
1.1.2022 14:01	MET_GARDEN	11,6	 	75	 	7,35	 	12,4	 	9,1	 
1.1.2022 14:02	MET_GARDEN	11,6	 	76	 	7,55	 	12,4	 	9,1	 
1.1.2022 14:03	MET_GARDEN	11,6	 	75	 	7,35	 	12,4	 	9,1	 
1.1.2022 14:04	MET_GARDEN	11,6	 	75	 	7,35	 	12,4	 	9,1	 
1.1.2022 14:05	MET_GARDEN	11,6	 	76	 	7,55	 	12,4	 	9,1	 
1.1.2022 14:06	MET_GARDEN	11,6	 	75	 	7,35	 	12,4	 	9,1	 
1.1.2022 14:07	MET_GARDEN	11,7	 	75	 	7,45	 	12,4	 	9,1	 
1.1.2022 14:08	MET_GARDEN	11,6	 	75	 	7,35	 	12,4	 	9,1	 
1.1.2022 14:09	MET_GARDEN	11,6	 	75	 	7,35	 	12,4	 	9,1	 
1.1.2022 14:10	MET_GARDEN	11,6	 	76	 	7,55	 	12,4	 	9,1	 
1.1.2022 14:11	MET_GARDEN	11,6	 	76	 	7,55	 	12,4	 	9,1	 
1.1.2022 14:12	MET_GARDEN	11,6	 	76	 	7,55	 	12,4	 	9,1	 
1.1.2022 14:13	MET_GARDEN	11,6	 	75	 	7,35	 	12,4	 	9,1	 
1.1.2022 14:14	MET_GARDEN	11,6	 	76	 	7,55	 	12,4	 	9,1	 
1.1.2022 14:15	MET_GARDEN	11,5	 	76	 	7,45	 	12,4	 	9,1	 
1.1.2022 14:16	MET_GARDEN	11,5	 	77	 	7,64	 	12,4	 	9,1	 
1.1.2022 14:17	MET_GARDEN	11,5	 	76	 	7,45	 	12,4	 	9,1	 
1.1.2022 14:18	MET_GARDEN	11,6	 	75	 	7,35	 	12,4	 	9,1	 
1.1.2022 14:19	MET_GARDEN	11,6	 	76	 	7,55	 	12,4	 	9,1	 
1.1.2022 14:20	MET_GARDEN	11,6	 	76	 	7,55	 	12,4	 	9,1	 
1.1.2022 14:21	MET_GARDEN	11,5	 	77	 	7,64	 	12,4	 	9,1	 
1.1.2022 14:22	MET_GARDEN	11,5	 	77	 	7,64	 	12,4	 	9,1	 
1.1.2022 14:23	MET_GARDEN	11,5	 	77	 	7,64	 	12,4	 	9,1	 
1.1.2022 14:24	MET_GARDEN	11,5	 	77	 	7,64	 	12,4	 	9,1	 
1.1.2022 14:25	MET_GARDEN	11,4	 	78	 	7,73	 	12,4	 	9,1	 
1.1.2022 14:26	MET_GARDEN	11,4	 	78	 	7,73	 	12,4	 	9,1	 
1.1.2022 14:27	MET_GARDEN	11,4	 	78	 	7,73	 	12,4	 	9,1	 
1.1.2022 14:28	MET_GARDEN	11,4	 	78	 	7,73	 	12,4	 	9,1	 
1.1.2022 14:29	MET_GARDEN	11,5	 	77	 	7,64	 	12,4	 	9,1	 
1.1.2022 14:30	MET_GARDEN	11,5	 	77	 	7,64	 	12,4	 	9,1	 
1.1.2022 14:31	MET_GARDEN	11,5	 	76	 	7,45	 	12,4	 	9,1	 
1.1.2022 14:32	MET_GARDEN	11,5	 	77	 	7,64	 	12,4	 	9,1	 
1.1.2022 14:33	MET_GARDEN	11,5	 	77	 	7,64	 	12,4	 	9,1	 
1.1.2022 14:34	MET_GARDEN	11,5	 	77	 	7,64	 	12,4	 	9,1	 
1.1.2022 14:35	MET_GARDEN	11,5	 	77	 	7,64	 	12,4	 	9,1	 
1.1.2022 14:36	MET_GARDEN	11,4	 	77	 	7,54	 	12,4	 	9,1	 
1.1.2022 14:37	MET_GARDEN	11,4	 	77	 	7,54	 	12,4	 	9,1	 
1.1.2022 14:38	MET_GARDEN	11,4	 	77	 	7,54	 	12,4	 	9,1	 
1.1.2022 14:39	MET_GARDEN	11,4	 	77	 	7,54	 	12,4	 	9,1	 
1.1.2022 14:40	MET_GARDEN	11,4	 	77	 	7,54	 	12,4	 	9,1	 
1.1.2022 14:41	MET_GARDEN	11,4	 	77	 	7,54	 	12,4	 	9,1	 
1.1.2022 14:42	MET_GARDEN	11,4	 	77	 	7,54	 	12,4	 	9,1	 
1.1.2022 14:43	MET_GARDEN	11,4	 	77	 	7,54	 	12,4	 	9,1	 
1.1.2022 14:44	MET_GARDEN	11,4	 	77	 	7,54	 	12,4	 	9,1	 
1.1.2022 14:45	MET_GARDEN	11,3	 	77	 	7,44	 	12,4	 	9,1	 
1.1.2022 14:46	MET_GARDEN	11,3	 	77	 	7,44	 	12,4	 	9,1	 
1.1.2022 14:47	MET_GARDEN	11,4	 	76	 	7,35	 	12,4	 	9,1	 
1.1.2022 14:48	MET_GARDEN	11,3	 	77	 	7,44	 	12,4	 	9,1	 
1.1.2022 14:49	MET_GARDEN	11,2	 	77	 	7,35	 	12,4	 	9,1	 
1.1.2022 14:50	MET_GARDEN	11,1	 	78	 	7,44	 	12,4	 	9,1	 
1.1.2022 14:51	MET_GARDEN	11,1	 	78	 	7,44	 	12,4	 	9,1	 
1.1.2022 14:52	MET_GARDEN	11	 	78	 	7,34	 	12,4	 	9,1	 
1.1.2022 14:53	MET_GARDEN	11	 	78	 	7,34	 	12,4	 	9,1	 
1.1.2022 14:54	MET_GARDEN	11,1	 	77	 	7,25	 	12,4	 	9,1	 
1.1.2022 14:55	MET_GARDEN	11,1	 	77	 	7,25	 	12,4	 	9,1	 
1.1.2022 14:56	MET_GARDEN	11,1	 	77	 	7,25	 	12,4	 	9,1	 
1.1.2022 14:57	MET_GARDEN	11,1	 	77	 	7,25	 	12,4	 	9,1	 
1.1.2022 14:58	MET_GARDEN	11	 	77	 	7,15	 	12,4	 	9,1	 
1.1.2022 14:59	MET_GARDEN	11	 	78	 	7,34	 	12,4	 	9,1	 
1.1.2022 15:00	MET_GARDEN	11	 	77	 	7,15	 	12,4	 	9,1	 
1.1.2022 15:01	MET_GARDEN	11,2	 	76	 	7,16	 	12,4	 	9,1	 
1.1.2022 15:02	MET_GARDEN	11,3	 	75	 	7,06	 	12,4	 	9,1	 
1.1.2022 15:03	MET_GARDEN	11,3	 	75	 	7,06	 	12,4	 	9,1	 
1.1.2022 15:04	MET_GARDEN	11,2	 	75	 	6,97	 	12,4	 	9,1	 
1.1.2022 15:05	MET_GARDEN	11,1	 	76	 	7,06	 	12,4	 	9,1	 
1.1.2022 15:06	MET_GARDEN	10,9	 	77	 	7,06	 	12,4	 	9,1	 
1.1.2022 15:07	MET_GARDEN	10,8	 	78	 	7,15	 	12,4	 	9,1	 
1.1.2022 15:08	MET_GARDEN	10,7	 	79	 	7,23	 	12,4	 	9,1	 
1.1.2022 15:09	MET_GARDEN	10,6	 	79	 	7,14	 	12,4	 	9,1	 
1.1.2022 15:10	MET_GARDEN	10,6	 	80	 	7,32	 	12,4	 	9,1	 
1.1.2022 15:11	MET_GARDEN	10,6	 	80	 	7,32	 	12,4	 	9,1	 
1.1.2022 15:12	MET_GARDEN	10,6	 	80	 	7,32	 	12,4	 	9,1	 
1.1.2022 15:13	MET_GARDEN	10,6	 	80	 	7,32	 	12,4	 	9,1	 
1.1.2022 15:14	MET_GARDEN	10,6	 	80	 	7,32	 	12,4	 	9,1	 
1.1.2022 15:15	MET_GARDEN	10,5	 	80	 	7,22	 	12,4	 	9,1	 
1.1.2022 15:16	MET_GARDEN	10,5	 	80	 	7,22	 	12,4	 	9,1	 
1.1.2022 15:17	MET_GARDEN	10,5	 	80	 	7,22	 	12,4	 	9,1	 
1.1.2022 15:18	MET_GARDEN	10,5	 	80	 	7,22	 	12,4	 	9,1	 
1.1.2022 15:19	MET_GARDEN	10,7	 	79	 	7,23	 	12,4	 	9,1	 
1.1.2022 15:20	MET_GARDEN	10,8	 	78	 	7,15	 	12,4	 	9,1	 
1.1.2022 15:21	MET_GARDEN	10,8	 	78	 	7,15	 	12,4	 	9,1	 
1.1.2022 15:22	MET_GARDEN	10,9	 	77	 	7,06	 	12,4	 	9,1	 
1.1.2022 15:23	MET_GARDEN	10,8	 	78	 	7,15	 	12,4	 	9,1	 
1.1.2022 15:24	MET_GARDEN	10,6	 	79	 	7,14	 	12,4	 	9,1	 
1.1.2022 15:25	MET_GARDEN	10,5	 	80	 	7,22	 	12,4	 	9,1	 
1.1.2022 15:26	MET_GARDEN	10,5	 	80	 	7,22	 	12,4	 	9,1	 
1.1.2022 15:27	MET_GARDEN	10,5	 	80	 	7,22	 	12,4	 	9,1	 
1.1.2022 15:28	MET_GARDEN	10,5	 	80	 	7,22	 	12,4	 	9,1	 
1.1.2022 15:29	MET_GARDEN	10,5	 	80	 	7,22	 	12,4	 	9,1	 
1.1.2022 15:30	MET_GARDEN	10,5	 	80	 	7,22	 	12,4	 	9,1	 
1.1.2022 15:31	MET_GARDEN	10,5	 	80	 	7,22	 	12,4	 	9,1	 
1.1.2022 15:32	MET_GARDEN	10,4	 	81	 	7,3	 	12,4	 	9,1	 
1.1.2022 15:33	MET_GARDEN	10,4	 	81	 	7,3	 	12,4	 	9,1	 
1.1.2022 15:34	MET_GARDEN	10,4	 	81	 	7,3	 	12,4	 	9,1	 
1.1.2022 15:35	MET_GARDEN	10,3	 	81	 	7,21	 	12,4	 	9,1	 
1.1.2022 15:36	MET_GARDEN	10,4	 	80	 	7,12	 	12,4	 	9,1	 
1.1.2022 15:37	MET_GARDEN	10,6	 	79	 	7,14	 	12,4	 	9,1	 
1.1.2022 15:38	MET_GARDEN	10,8	 	78	 	7,15	 	12,4	 	9,1	 
1.1.2022 15:39	MET_GARDEN	10,8	 	77	 	6,96	 	12,4	 	9,1	 
1.1.2022 15:40	MET_GARDEN	10,9	 	77	 	7,06	 	12,4	 	9,1	 
1.1.2022 15:41	MET_GARDEN	10,9	 	76	 	6,87	 	12,4	 	9,1	 
1.1.2022 15:42	MET_GARDEN	10,9	 	76	 	6,87	 	12,4	 	9,1	 
1.1.2022 15:43	MET_GARDEN	10,9	 	76	 	6,87	 	12,4	 	9,1	 
1.1.2022 15:44	MET_GARDEN	10,9	 	76	 	6,87	 	12,4	 	9,1	 
1.1.2022 15:45	MET_GARDEN	10,9	 	76	 	6,87	 	12,4	 	9,1	 
1.1.2022 15:46	MET_GARDEN	10,8	 	76	 	6,77	 	12,4	 	9,1	 
1.1.2022 15:47	MET_GARDEN	10,7	 	77	 	6,86	 	12,4	 	9,1	 
1.1.2022 15:48	MET_GARDEN	10,5	 	78	 	6,85	 	12,4	 	9,1	 
1.1.2022 15:49	MET_GARDEN	10,3	 	80	 	7,02	 	12,4	 	9,1	 
1.1.2022 15:50	MET_GARDEN	10,2	 	81	 	7,11	 	12,4	 	9,1	 
1.1.2022 15:51	MET_GARDEN	10	 	82	 	7,09	 	12,4	 	9,1	 
1.1.2022 15:52	MET_GARDEN	10	 	83	 	7,27	 	12,4	 	9,1	 
1.1.2022 15:53	MET_GARDEN	10	 	83	 	7,27	 	12,4	 	9,1	 
1.1.2022 15:54	MET_GARDEN	9,9	 	83	 	7,17	 	12,4	 	9,1	 
1.1.2022 15:55	MET_GARDEN	9,9	 	83	 	7,17	 	12,4	 	9,1	 
1.1.2022 15:56	MET_GARDEN	9,9	 	84	 	7,34	 	12,4	 	9,1	 
1.1.2022 15:57	MET_GARDEN	9,9	 	84	 	7,34	 	12,4	 	9,1	 
1.1.2022 15:58	MET_GARDEN	9,9	 	84	 	7,34	 	12,4	 	9,1	 
1.1.2022 15:59	MET_GARDEN	9,9	 	84	 	7,34	 	12,4	 	9,1	 
1.1.2022 16:00	MET_GARDEN	9,9	 	84	 	7,34	 	12,4	 	9,1	 
1.1.2022 16:01	MET_GARDEN	9,9	 	84	 	7,34	 	12,4	 	9,1	 
1.1.2022 16:02	MET_GARDEN	9,9	 	84	 	7,34	 	12,4	 	9,1	 
1.1.2022 16:03	MET_GARDEN	10	 	83	 	7,27	 	12,4	 	9,1	 
1.1.2022 16:04	MET_GARDEN	10,1	 	83	 	7,36	 	12,4	 	9,1	 
1.1.2022 16:05	MET_GARDEN	10,3	 	82	 	7,38	 	12,4	 	9,1	 
1.1.2022 16:06	MET_GARDEN	10,4	 	81	 	7,3	 	12,4	 	9,1	 
1.1.2022 16:07	MET_GARDEN	10,4	 	80	 	7,12	 	12,4	 	9,1	 
1.1.2022 16:08	MET_GARDEN	10,4	 	80	 	7,12	 	12,4	 	9,1	 
1.1.2022 16:09	MET_GARDEN	10,4	 	80	 	7,12	 	12,4	 	9,1	 
1.1.2022 16:10	MET_GARDEN	10,4	 	80	 	7,12	 	12,4	 	9,1	 
1.1.2022 16:11	MET_GARDEN	10,4	 	80	 	7,12	 	12,4	 	9,1	 
1.1.2022 16:12	MET_GARDEN	10,4	 	80	 	7,12	 	12,4	 	9,1	 
1.1.2022 16:13	MET_GARDEN	10,4	 	80	 	7,12	 	12,4	 	9,1	 
1.1.2022 16:14	MET_GARDEN	10,4	 	80	 	7,12	 	12,4	 	9,1	 
1.1.2022 16:15	MET_GARDEN	10,4	 	80	 	7,12	 	12,4	 	9,1	 
1.1.2022 16:16	MET_GARDEN	10,4	 	80	 	7,12	 	12,4	 	9,1	 
1.1.2022 16:17	MET_GARDEN	10,5	 	79	 	7,04	 	12,4	 	9,1	 
1.1.2022 16:18	MET_GARDEN	10,5	 	79	 	7,04	 	12,4	 	9,1	 
1.1.2022 16:19	MET_GARDEN	10,4	 	80	 	7,12	 	12,4	 	9,1	 
1.1.2022 16:20	MET_GARDEN	10,3	 	81	 	7,21	 	12,4	 	9,1	 
1.1.2022 16:21	MET_GARDEN	10,2	 	81	 	7,11	 	12,4	 	9,1	 
1.1.2022 16:22	MET_GARDEN	10,1	 	82	 	7,19	 	12,4	 	9,1	 
1.1.2022 16:23	MET_GARDEN	10,1	 	82	 	7,19	 	12,4	 	9,1	 
1.1.2022 16:24	MET_GARDEN	10	 	83	 	7,27	 	12,4	 	9,1	 
1.1.2022 16:25	MET_GARDEN	9,9	 	83	 	7,17	 	12,4	 	9,1	 
1.1.2022 16:26	MET_GARDEN	9,9	 	83	 	7,17	 	12,4	 	9,1	 
1.1.2022 16:27	MET_GARDEN	10	 	83	 	7,27	 	12,4	 	9,1	 
1.1.2022 16:28	MET_GARDEN	10	 	83	 	7,27	 	12,4	 	10	 
1.1.2022 16:29	MET_GARDEN	10	 	83	 	7,27	 	12,4	 	10	 
1.1.2022 16:30	MET_GARDEN	9,9	 	83	 	7,17	 	12,4	 	9,9	 
1.1.2022 16:31	MET_GARDEN	9,9	 	83	 	7,17	 	12,4	 	9,9	 
1.1.2022 16:32	MET_GARDEN	9,8	 	84	 	7,24	 	12,4	 	9,8	 
1.1.2022 16:33	MET_GARDEN	9,8	 	84	 	7,24	 	12,4	 	9,8	 
1.1.2022 16:34	MET_GARDEN	9,8	 	84	 	7,24	 	12,4	 	9,8	 
1.1.2022 16:35	MET_GARDEN	9,8	 	84	 	7,24	 	12,4	 	9,8	 
1.1.2022 16:36	MET_GARDEN	9,8	 	84	 	7,24	 	12,4	 	9,8	 
1.1.2022 16:37	MET_GARDEN	9,8	 	84	 	7,24	 	12,4	 	9,8	 
1.1.2022 16:38	MET_GARDEN	9,9	 	83	 	7,17	 	12,4	 	9,8	 
1.1.2022 16:39	MET_GARDEN	9,9	 	83	 	7,17	 	12,4	 	9,8	 
1.1.2022 16:40	MET_GARDEN	9,9	 	83	 	7,17	 	12,4	 	9,8	 
1.1.2022 16:41	MET_GARDEN	9,9	 	83	 	7,17	 	12,4	 	9,8	 
1.1.2022 16:42	MET_GARDEN	9,9	 	83	 	7,17	 	12,4	 	9,8	 
1.1.2022 16:43	MET_GARDEN	9,8	 	83	 	7,07	 	12,4	 	9,8	 
1.1.2022 16:44	MET_GARDEN	9,8	 	83	 	7,07	 	12,4	 	9,8	 
1.1.2022 16:45	MET_GARDEN	9,8	 	83	 	7,07	 	12,4	 	9,8	 
1.1.2022 16:46	MET_GARDEN	9,8	 	83	 	7,07	 	12,4	 	9,8	 
1.1.2022 16:47	MET_GARDEN	9,9	 	83	 	7,17	 	12,4	 	9,8	 
1.1.2022 16:48	MET_GARDEN	9,9	 	83	 	7,17	 	12,4	 	9,8	 
1.1.2022 16:49	MET_GARDEN	9,9	 	83	 	7,17	 	12,4	 	9,8	 
1.1.2022 16:50	MET_GARDEN	10	 	82	 	7,09	 	12,4	 	9,8	 
1.1.2022 16:51	MET_GARDEN	10	 	82	 	7,09	 	12,4	 	9,8	 
1.1.2022 16:52	MET_GARDEN	10	 	82	 	7,09	 	12,4	 	9,8	 
1.1.2022 16:53	MET_GARDEN	10,1	 	81	 	7,01	 	12,4	 	9,8	 
1.1.2022 16:54	MET_GARDEN	10,1	 	81	 	7,01	 	12,4	 	9,8	 
1.1.2022 16:55	MET_GARDEN	10,2	 	80	 	6,93	 	12,4	 	9,8	 
1.1.2022 16:56	MET_GARDEN	10,2	 	80	 	6,93	 	12,4	 	9,8	 
1.1.2022 16:57	MET_GARDEN	10,2	 	80	 	6,93	 	12,4	 	9,8	 
1.1.2022 16:58	MET_GARDEN	10,1	 	80	 	6,83	 	12,4	 	9,8	 
1.1.2022 16:59	MET_GARDEN	10	 	81	 	6,91	 	12,4	 	9,8	 
1.1.2022 17:00	MET_GARDEN	9,8	 	82	 	6,89	 	12,4	 	9,8	 
1.1.2022 17:01	MET_GARDEN	9,7	 	83	 	6,97	 	12,4	 	9,7	 
1.1.2022 17:02	MET_GARDEN	9,7	 	83	 	6,97	 	12,4	 	9,7	 
1.1.2022 17:03	MET_GARDEN	9,6	 	83	 	6,87	 	12,4	 	9,6	 
1.1.2022 17:04	MET_GARDEN	9,6	 	84	 	7,05	 	12,4	 	9,6	 
1.1.2022 17:05	MET_GARDEN	9,6	 	84	 	7,05	 	12,4	 	9,6	 
1.1.2022 17:06	MET_GARDEN	9,6	 	84	 	7,05	 	12,4	 	9,6	 
1.1.2022 17:07	MET_GARDEN	9,6	 	84	 	7,05	 	12,4	 	9,6	 
1.1.2022 17:08	MET_GARDEN	9,6	 	84	 	7,05	 	12,4	 	9,6	 
1.1.2022 17:09	MET_GARDEN	9,6	 	84	 	7,05	 	12,4	 	9,6	 
1.1.2022 17:10	MET_GARDEN	9,7	 	84	 	7,15	 	12,4	 	9,6	 
1.1.2022 17:11	MET_GARDEN	9,7	 	83	 	6,97	 	12,4	 	9,6	 
1.1.2022 17:12	MET_GARDEN	9,8	 	83	 	7,07	 	12,4	 	9,6	 
1.1.2022 17:13	MET_GARDEN	9,8	 	83	 	7,07	 	12,4	 	9,6	 
1.1.2022 17:14	MET_GARDEN	9,7	 	83	 	6,97	 	12,4	 	9,6	 
1.1.2022 17:15	MET_GARDEN	9,7	 	83	 	6,97	 	12,4	 	9,6	 
1.1.2022 17:16	MET_GARDEN	9,6	 	83	 	6,87	 	12,4	 	9,6	 
1.1.2022 17:17	MET_GARDEN	9,6	 	83	 	6,87	 	12,4	 	9,6	 
1.1.2022 17:18	MET_GARDEN	9,6	 	83	 	6,87	 	12,4	 	9,6	 
1.1.2022 17:19	MET_GARDEN	9,5	 	84	 	6,95	 	12,4	 	9,5	 
1.1.2022 17:20	MET_GARDEN	9,4	 	84	 	6,85	 	12,4	 	9,4	 
1.1.2022 17:21	MET_GARDEN	9,4	 	85	 	7,02	 	12,4	 	9,4	 
1.1.2022 17:22	MET_GARDEN	9,3	 	85	 	6,92	 	12,4	 	9,3	 
1.1.2022 17:23	MET_GARDEN	9,3	 	85	 	6,92	 	12,4	 	9,3	 
1.1.2022 17:24	MET_GARDEN	9,3	 	85	 	6,92	 	12,4	 	9,3	 
1.1.2022 17:25	MET_GARDEN	9,3	 	85	 	6,92	 	12,4	 	9,3	 
1.1.2022 17:26	MET_GARDEN	9,3	 	86	 	7,09	 	12,4	 	9,3	 
1.1.2022 17:27	MET_GARDEN	9,3	 	86	 	7,09	 	12,4	 	9,3	 
1.1.2022 17:28	MET_GARDEN	9,3	 	85	 	6,92	 	12,4	 	9,3	 
1.1.2022 17:29	MET_GARDEN	9,3	 	85	 	6,92	 	12,4	 	9,3	 
1.1.2022 17:30	MET_GARDEN	9,4	 	85	 	7,02	 	12,4	 	9,3	 
1.1.2022 17:31	MET_GARDEN	9,4	 	85	 	7,02	 	12,4	 	9,3	 
1.1.2022 17:32	MET_GARDEN	9,4	 	85	 	7,02	 	12,4	 	9,3	 
1.1.2022 17:33	MET_GARDEN	9,4	 	85	 	7,02	 	12,4	 	9,3	 
1.1.2022 17:34	MET_GARDEN	9,4	 	85	 	7,02	 	12,4	 	9,3	 
1.1.2022 17:35	MET_GARDEN	9,5	 	84	 	6,95	 	12,4	 	9,3	 
1.1.2022 17:36	MET_GARDEN	9,6	 	84	 	7,05	 	12,4	 	9,3	 
1.1.2022 17:37	MET_GARDEN	9,8	 	83	 	7,07	 	12,4	 	9,3	 
1.1.2022 17:38	MET_GARDEN	10	 	81	 	6,91	 	12,4	 	9,3	 
1.1.2022 17:39	MET_GARDEN	10	 	81	 	6,91	 	12,4	 	9,3	 
1.1.2022 17:40	MET_GARDEN	10,1	 	80	 	6,83	 	12,4	 	9,3	 
1.1.2022 17:41	MET_GARDEN	10,1	 	80	 	6,83	 	12,4	 	9,3	 
1.1.2022 17:42	MET_GARDEN	10,1	 	80	 	6,83	 	12,4	 	9,3	 
1.1.2022 17:43	MET_GARDEN	10	 	80	 	6,73	 	12,4	 	9,3	 
1.1.2022 17:44	MET_GARDEN	9,8	 	81	 	6,72	 	12,4	 	9,3	 
1.1.2022 17:45	MET_GARDEN	9,5	 	82	 	6,6	 	12,4	 	9,3	 
1.1.2022 17:46	MET_GARDEN	9,3	 	83	 	6,58	 	12,4	 	9,3	 
1.1.2022 17:47	MET_GARDEN	9,2	 	84	 	6,65	 	12,4	 	9,2	 
1.1.2022 17:48	MET_GARDEN	9,1	 	85	 	6,73	 	12,4	 	9,1	 
1.1.2022 17:49	MET_GARDEN	9,1	 	86	 	6,9	 	12,4	 	9,1	 
1.1.2022 17:50	MET_GARDEN	9,1	 	86	 	6,9	 	12,4	 	9,1	 
1.1.2022 17:51	MET_GARDEN	9	 	86	 	6,8	 	12,4	 	9	 
1.1.2022 17:52	MET_GARDEN	9	 	86	 	6,8	 	12,4	 	9	 
1.1.2022 17:53	MET_GARDEN	8,9	 	86	 	6,7	 	12,4	 	8,9	 
1.1.2022 17:54	MET_GARDEN	8,9	 	87	 	6,87	 	12,4	 	8,9	 
1.1.2022 17:55	MET_GARDEN	8,9	 	87	 	6,87	 	12,4	 	8,9	 
1.1.2022 17:56	MET_GARDEN	8,8	 	87	 	6,77	 	12,4	 	8,8	 
1.1.2022 17:57	MET_GARDEN	8,8	 	87	 	6,77	 	12,4	 	8,8	 
1.1.2022 17:58	MET_GARDEN	8,8	 	87	 	6,77	 	12,4	 	8,8	 
1.1.2022 17:59	MET_GARDEN	8,7	 	87	 	6,67	 	12,4	 	8,7	 
1.1.2022 18:00	MET_GARDEN	8,7	 	88	 	6,84	 	12,4	 	8,7	 
1.1.2022 18:01	MET_GARDEN	8,8	 	88	 	6,93	 	12,4	 	8,7	 
1.1.2022 18:02	MET_GARDEN	8,7	 	87	 	6,67	 	12,4	 	8,7	 
1.1.2022 18:03	MET_GARDEN	8,7	 	87	 	6,67	 	12,4	 	8,7	 
1.1.2022 18:04	MET_GARDEN	8,7	 	87	 	6,67	 	12,4	 	8,7	 
1.1.2022 18:05	MET_GARDEN	8,7	 	87	 	6,67	 	12,4	 	8,7	 
1.1.2022 18:06	MET_GARDEN	8,6	 	88	 	6,74	 	12,4	 	8,6	 
1.1.2022 18:07	MET_GARDEN	8,6	 	88	 	6,74	 	12,4	 	8,6	 
1.1.2022 18:08	MET_GARDEN	8,6	 	88	 	6,74	 	12,4	 	8,6	 
1.1.2022 18:09	MET_GARDEN	8,6	 	88	 	6,74	 	12,4	 	8,6	 
1.1.2022 18:10	MET_GARDEN	8,5	 	88	 	6,64	 	12,4	 	8,5	 
1.1.2022 18:11	MET_GARDEN	8,4	 	88	 	6,54	 	12,4	 	8,4	 
1.1.2022 18:12	MET_GARDEN	8,4	 	88	 	6,54	 	12,4	 	8,4	 
1.1.2022 18:13	MET_GARDEN	8,4	 	88	 	6,54	 	12,4	 	8,4	 
1.1.2022 18:14	MET_GARDEN	8,3	 	88	 	6,44	 	12,4	 	8,3	 
1.1.2022 18:15	MET_GARDEN	8,3	 	88	 	6,44	 	12,4	 	8,3	 
1.1.2022 18:16	MET_GARDEN	8,2	 	88	 	6,34	 	12,4	 	8,2	 
1.1.2022 18:17	MET_GARDEN	8,2	 	88	 	6,34	 	12,4	 	8,2	 
1.1.2022 18:18	MET_GARDEN	8,1	 	89	 	6,41	 	12,4	 	8,1	 
1.1.2022 18:19	MET_GARDEN	8,1	 	89	 	6,41	 	12,4	 	8,1	 
1.1.2022 18:20	MET_GARDEN	8,1	 	89	 	6,41	 	12,4	 	8,1	 
1.1.2022 18:21	MET_GARDEN	8	 	89	 	6,31	 	12,4	 	8	 
1.1.2022 18:22	MET_GARDEN	8,1	 	89	 	6,41	 	12,4	 	8	 
1.1.2022 18:23	MET_GARDEN	8,1	 	89	 	6,41	 	12,4	 	8	 
1.1.2022 18:24	MET_GARDEN	8,2	 	89	 	6,51	 	12,4	 	8	 
1.1.2022 18:25	MET_GARDEN	8,2	 	89	 	6,51	 	12,4	 	8	 
1.1.2022 18:26	MET_GARDEN	8,1	 	88	 	6,24	 	12,4	 	8	 
1.1.2022 18:27	MET_GARDEN	8,1	 	88	 	6,24	 	12,4	 	8	 
1.1.2022 18:28	MET_GARDEN	8	 	88	 	6,14	 	12,4	 	8	 
1.1.2022 18:29	MET_GARDEN	7,9	 	89	 	6,21	 	12,4	 	7,9	 
1.1.2022 18:30	MET_GARDEN	7,9	 	89	 	6,21	 	12,4	 	7,9	 
1.1.2022 18:31	MET_GARDEN	7,9	 	89	 	6,21	 	12,4	 	7,9	 
1.1.2022 18:32	MET_GARDEN	7,9	 	89	 	6,21	 	12,4	 	7,9	 
1.1.2022 18:33	MET_GARDEN	7,8	 	89	 	6,11	 	12,4	 	7,8	 
1.1.2022 18:34	MET_GARDEN	7,8	 	89	 	6,11	 	12,4	 	7,8	 
1.1.2022 18:35	MET_GARDEN	7,7	 	89	 	6,01	 	12,4	 	7,7	 
1.1.2022 18:36	MET_GARDEN	7,7	 	89	 	6,01	 	12,4	 	7,7	 
1.1.2022 18:37	MET_GARDEN	7,7	 	89	 	6,01	 	12,4	 	7,7	 
1.1.2022 18:38	MET_GARDEN	7,7	 	89	 	6,01	 	12,4	 	7,7	 
1.1.2022 18:39	MET_GARDEN	7,7	 	89	 	6,01	 	12,4	 	7,7	 
1.1.2022 18:40	MET_GARDEN	7,7	 	89	 	6,01	 	12,4	 	7,7	 
1.1.2022 18:41	MET_GARDEN	7,7	 	89	 	6,01	 	12,4	 	7,7	 
1.1.2022 18:42	MET_GARDEN	7,7	 	89	 	6,01	 	12,4	 	7,7	 
1.1.2022 18:43	MET_GARDEN	7,7	 	89	 	6,01	 	12,4	 	7,7	 
1.1.2022 18:44	MET_GARDEN	7,7	 	89	 	6,01	 	12,4	 	7,7	 
1.1.2022 18:45	MET_GARDEN	7,6	 	89	 	5,91	 	12,4	 	7,6	 
1.1.2022 18:46	MET_GARDEN	7,5	 	89	 	5,81	 	12,4	 	7,5	 
1.1.2022 18:47	MET_GARDEN	7,4	 	89	 	5,72	 	12,4	 	7,4	 
1.1.2022 18:48	MET_GARDEN	7,4	 	89	 	5,72	 	12,4	 	7,4	 
1.1.2022 18:49	MET_GARDEN	7,5	 	89	 	5,81	 	12,4	 	7,4	 
1.1.2022 18:50	MET_GARDEN	7,5	 	89	 	5,81	 	12,4	 	7,4	 
1.1.2022 18:51	MET_GARDEN	7,6	 	89	 	5,91	 	12,4	 	7,4	 
1.1.2022 18:52	MET_GARDEN	7,6	 	89	 	5,91	 	12,4	 	7,4	 
1.1.2022 18:53	MET_GARDEN	7,7	 	89	 	6,01	 	12,4	 	7,4	 
1.1.2022 18:54	MET_GARDEN	7,7	 	89	 	6,01	 	12,4	 	7,4	 
1.1.2022 18:55	MET_GARDEN	7,8	 	88	 	5,95	 	12,4	 	7,4	 
1.1.2022 18:56	MET_GARDEN	7,8	 	88	 	5,95	 	12,4	 	7,4	 
1.1.2022 18:57	MET_GARDEN	7,7	 	88	 	5,85	 	12,4	 	7,4	 
1.1.2022 18:58	MET_GARDEN	7,6	 	88	 	5,75	 	12,4	 	7,4	 
1.1.2022 18:59	MET_GARDEN	7,6	 	88	 	5,75	 	12,4	 	7,4	 
1.1.2022 19:00	MET_GARDEN	7,6	 	88	 	5,75	 	12,4	 	7,4	 
1.1.2022 19:01	MET_GARDEN	7,6	 	88	 	5,75	 	12,4	 	7,4	 
1.1.2022 19:02	MET_GARDEN	7,6	 	88	 	5,75	 	12,4	 	7,4	 
1.1.2022 19:03	MET_GARDEN	7,5	 	88	 	5,65	 	12,4	 	7,4	 
1.1.2022 19:04	MET_GARDEN	7,5	 	88	 	5,65	 	12,4	 	7,4	 
1.1.2022 19:05	MET_GARDEN	7,5	 	88	 	5,65	 	12,4	 	7,4	 
1.1.2022 19:06	MET_GARDEN	7,4	 	88	 	5,55	 	12,4	 	7,4	 
1.1.2022 19:07	MET_GARDEN	7,4	 	88	 	5,55	 	12,4	 	7,4	 
1.1.2022 19:08	MET_GARDEN	7,3	 	88	 	5,45	 	12,4	 	7,3	 
1.1.2022 19:09	MET_GARDEN	7,3	 	89	 	5,62	 	12,4	 	7,3	 
1.1.2022 19:10	MET_GARDEN	7,3	 	89	 	5,62	 	12,4	 	7,3	 
1.1.2022 19:11	MET_GARDEN	7,3	 	89	 	5,62	 	12,4	 	7,3	 
1.1.2022 19:12	MET_GARDEN	7,3	 	89	 	5,62	 	12,4	 	7,3	 
1.1.2022 19:13	MET_GARDEN	7,3	 	89	 	5,62	 	12,4	 	7,3	 
1.1.2022 19:14	MET_GARDEN	7,3	 	89	 	5,62	 	12,4	 	7,3	 
1.1.2022 19:15	MET_GARDEN	7,3	 	89	 	5,62	 	12,4	 	7,3	 
1.1.2022 19:16	MET_GARDEN	7,3	 	89	 	5,62	 	12,4	 	7,3	 
1.1.2022 19:17	MET_GARDEN	7,3	 	89	 	5,62	 	12,4	 	7,3	 
1.1.2022 19:18	MET_GARDEN	7,4	 	89	 	5,72	 	12,4	 	7,3	 
1.1.2022 19:19	MET_GARDEN	7,4	 	88	 	5,55	 	12,4	 	7,3	 
1.1.2022 19:20	MET_GARDEN	7,3	 	88	 	5,45	 	12,4	 	7,3	 
1.1.2022 19:21	MET_GARDEN	7,3	 	88	 	5,45	 	12,4	 	7,3	 
1.1.2022 19:22	MET_GARDEN	7,3	 	88	 	5,45	 	12,4	 	7,3	 
1.1.2022 19:23	MET_GARDEN	7,3	 	88	 	5,45	 	12,4	 	7,3	 
1.1.2022 19:24	MET_GARDEN	7,3	 	88	 	5,45	 	12,4	 	7,3	 
1.1.2022 19:25	MET_GARDEN	7,2	 	88	 	5,36	 	12,4	 	7,2	 
1.1.2022 19:26	MET_GARDEN	7,1	 	88	 	5,26	 	12,4	 	7,1	 
1.1.2022 19:27	MET_GARDEN	7,1	 	88	 	5,26	 	12,4	 	7,1	 
1.1.2022 19:28	MET_GARDEN	7	 	89	 	5,32	 	12,4	 	7	 
1.1.2022 19:29	MET_GARDEN	7	 	89	 	5,32	 	12,4	 	7	 
1.1.2022 19:30	MET_GARDEN	6,9	 	89	 	5,22	 	12,4	 	6,9	 
1.1.2022 19:31	MET_GARDEN	6,9	 	89	 	5,22	 	12,4	 	6,9	 
1.1.2022 19:32	MET_GARDEN	6,9	 	89	 	5,22	 	12,4	 	6,9	 
1.1.2022 19:33	MET_GARDEN	6,9	 	89	 	5,22	 	12,4	 	6,9	 
1.1.2022 19:34	MET_GARDEN	6,9	 	89	 	5,22	 	12,4	 	6,9	 
1.1.2022 19:35	MET_GARDEN	6,9	 	90	 	5,38	 	12,4	 	6,9	 
1.1.2022 19:36	MET_GARDEN	6,9	 	89	 	5,22	 	12,4	 	6,9	 
1.1.2022 19:37	MET_GARDEN	6,9	 	89	 	5,22	 	12,4	 	6,9	 
1.1.2022 19:38	MET_GARDEN	6,8	 	89	 	5,12	 	12,4	 	6,8	 
1.1.2022 19:39	MET_GARDEN	6,8	 	89	 	5,12	 	12,4	 	6,8	 
1.1.2022 19:40	MET_GARDEN	6,7	 	89	 	5,02	 	12,4	 	6,7	 
1.1.2022 19:41	MET_GARDEN	6,8	 	90	 	5,28	 	12,4	 	6,7	 
1.1.2022 19:42	MET_GARDEN	6,8	 	90	 	5,28	 	12,4	 	6,7	 
1.1.2022 19:43	MET_GARDEN	6,8	 	90	 	5,28	 	12,4	 	6,7	 
1.1.2022 19:44	MET_GARDEN	6,8	 	90	 	5,28	 	12,4	 	6,7	 
1.1.2022 19:45	MET_GARDEN	6,9	 	90	 	5,38	 	12,4	 	6,7	 
1.1.2022 19:46	MET_GARDEN	6,8	 	90	 	5,28	 	12,4	 	6,7	 
1.1.2022 19:47	MET_GARDEN	6,7	 	90	 	5,18	 	12,4	 	6,7	 
1.1.2022 19:48	MET_GARDEN	6,7	 	90	 	5,18	 	12,4	 	6,7	 
1.1.2022 19:49	MET_GARDEN	6,7	 	90	 	5,18	 	12,4	 	6,7	 
1.1.2022 19:50	MET_GARDEN	6,6	 	90	 	5,08	 	12,4	 	6,6	 
1.1.2022 19:51	MET_GARDEN	6,4	 	90	 	4,89	 	12,4	 	6,4	 
1.1.2022 19:52	MET_GARDEN	6,3	 	90	 	4,79	 	12,4	 	6,3	 
1.1.2022 19:53	MET_GARDEN	6,3	 	90	 	4,79	 	12,4	 	6,3	 
1.1.2022 19:54	MET_GARDEN	6,4	 	91	 	5,04	 	12,4	 	6,3	 
1.1.2022 19:55	MET_GARDEN	6,4	 	91	 	5,04	 	12,4	 	6,3	 
1.1.2022 19:56	MET_GARDEN	6,3	 	91	 	4,95	 	12,4	 	6,3	 
1.1.2022 19:57	MET_GARDEN	6,2	 	91	 	4,85	 	12,4	 	6,2	 
1.1.2022 19:58	MET_GARDEN	6,1	 	91	 	4,75	 	12,4	 	6,1	 
1.1.2022 19:59	MET_GARDEN	6	 	91	 	4,65	 	12,4	 	6	 
1.1.2022 20:00	MET_GARDEN	6	 	91	 	4,65	 	12,4	 	6	 
1.1.2022 20:01	MET_GARDEN	6	 	91	 	4,65	 	12,4	 	6	 
1.1.2022 20:02	MET_GARDEN	6,1	 	92	 	4,9	 	12,4	 	6	 
1.1.2022 20:03	MET_GARDEN	6,1	 	92	 	4,9	 	12,4	 	6	 
1.1.2022 20:04	MET_GARDEN	6,1	 	92	 	4,9	 	12,4	 	6	 
1.1.2022 20:05	MET_GARDEN	6,1	 	92	 	4,9	 	12,4	 	6	 
1.1.2022 20:06	MET_GARDEN	6	 	92	 	4,8	 	12,4	 	6	 
1.1.2022 20:07	MET_GARDEN	6	 	92	 	4,8	 	12,4	 	6	 
1.1.2022 20:08	MET_GARDEN	6,1	 	92	 	4,9	 	12,4	 	6	 
1.1.2022 20:09	MET_GARDEN	6,1	 	92	 	4,9	 	12,4	 	6	 
1.1.2022 20:10	MET_GARDEN	6,1	 	92	 	4,9	 	12,4	 	6	 
1.1.2022 20:11	MET_GARDEN	6,2	 	92	 	5	 	12,4	 	6	 
1.1.2022 20:12	MET_GARDEN	6,1	 	92	 	4,9	 	12,4	 	6	 
1.1.2022 20:13	MET_GARDEN	6,2	 	92	 	5	 	12,4	 	6	 
1.1.2022 20:14	MET_GARDEN	6,2	 	92	 	5	 	12,4	 	6	 
1.1.2022 20:15	MET_GARDEN	6,2	 	92	 	5	 	12,4	 	6	 
1.1.2022 20:16	MET_GARDEN	6,2	 	92	 	5	 	12,4	 	6	 
1.1.2022 20:17	MET_GARDEN	6,2	 	92	 	5	 	12,4	 	6	 
1.1.2022 20:18	MET_GARDEN	6,1	 	92	 	4,9	 	12,4	 	6	 
1.1.2022 20:19	MET_GARDEN	6,1	 	92	 	4,9	 	12,4	 	6	 
1.1.2022 20:20	MET_GARDEN	6,1	 	92	 	4,9	 	12,4	 	6	 
1.1.2022 20:21	MET_GARDEN	6,1	 	92	 	4,9	 	12,4	 	6	 
1.1.2022 20:22	MET_GARDEN	6,1	 	92	 	4,9	 	12,4	 	6	 
1.1.2022 20:23	MET_GARDEN	6	 	91	 	4,65	 	12,4	 	6	 
1.1.2022 20:24	MET_GARDEN	6	 	91	 	4,65	 	12,4	 	6	 
1.1.2022 20:25	MET_GARDEN	6	 	92	 	4,8	 	12,4	 	6	 
1.1.2022 20:26	MET_GARDEN	6	 	92	 	4,8	 	12,4	 	6	 
1.1.2022 20:27	MET_GARDEN	6,1	 	92	 	4,9	 	12,4	 	6	 
1.1.2022 20:28	MET_GARDEN	6,2	 	92	 	5	 	12,4	 	6	 
1.1.2022 20:29	MET_GARDEN	6,2	 	92	 	5	 	12,4	 	6	 
1.1.2022 20:30	MET_GARDEN	6,2	 	92	 	5	 	12,4	 	6	 
1.1.2022 20:31	MET_GARDEN	6,2	 	92	 	5	 	12,4	 	6	 
1.1.2022 20:32	MET_GARDEN	6,2	 	92	 	5	 	12,4	 	6	 
1.1.2022 20:33	MET_GARDEN	6,2	 	92	 	5	 	12,4	 	6	 
1.1.2022 20:34	MET_GARDEN	6,2	 	92	 	5	 	12,4	 	6	 
1.1.2022 20:35	MET_GARDEN	6,3	 	92	 	5,1	 	12,4	 	6	 
1.1.2022 20:36	MET_GARDEN	6,2	 	92	 	5	 	12,4	 	6	 
1.1.2022 20:37	MET_GARDEN	6,2	 	92	 	5	 	12,4	 	6	 
1.1.2022 20:38	MET_GARDEN	6,4	 	92	 	5,2	 	12,4	 	6	 
1.1.2022 20:39	MET_GARDEN	6,4	 	93	 	5,36	 	12,4	 	6	 
1.1.2022 20:40	MET_GARDEN	6,5	 	93	 	5,46	 	12,4	 	6	 
1.1.2022 20:41	MET_GARDEN	6,7	 	93	 	5,65	 	12,4	 	6	 
1.1.2022 20:42	MET_GARDEN	6,8	 	92	 	5,6	 	12,4	 	6	 
1.1.2022 20:43	MET_GARDEN	6,8	 	92	 	5,6	 	12,4	 	6	 
1.1.2022 20:44	MET_GARDEN	6,8	 	92	 	5,6	 	12,4	 	6	 
1.1.2022 20:45	MET_GARDEN	6,8	 	91	 	5,44	 	12,4	 	6	 
1.1.2022 20:46	MET_GARDEN	6,8	 	91	 	5,44	 	12,4	 	6	 
1.1.2022 20:47	MET_GARDEN	6,7	 	91	 	5,34	 	12,4	 	6	 
1.1.2022 20:48	MET_GARDEN	6,6	 	91	 	5,24	 	12,4	 	6	 
1.1.2022 20:49	MET_GARDEN	6,5	 	91	 	5,14	 	12,4	 	6	 
1.1.2022 20:50	MET_GARDEN	6,4	 	91	 	5,04	 	12,4	 	6	 
1.1.2022 20:51	MET_GARDEN	6,2	 	91	 	4,85	 	12,4	 	6	 
1.1.2022 20:52	MET_GARDEN	6	 	91	 	4,65	 	12,4	 	6	 
1.1.2022 20:53	MET_GARDEN	5,9	 	92	 	4,71	 	12,4	 	5,9	 
1.1.2022 20:54	MET_GARDEN	5,9	 	92	 	4,71	 	12,4	 	5,9	 
1.1.2022 20:55	MET_GARDEN	5,9	 	92	 	4,71	 	12,4	 	5,9	 
1.1.2022 20:56	MET_GARDEN	5,8	 	92	 	4,61	 	12,4	 	5,8	 
1.1.2022 20:57	MET_GARDEN	5,7	 	92	 	4,51	 	12,4	 	5,7	 
1.1.2022 20:58	MET_GARDEN	5,6	 	92	 	4,41	 	12,4	 	5,6	 
1.1.2022 20:59	MET_GARDEN	5,6	 	93	 	4,56	 	12,4	 	5,6	 
1.1.2022 21:00	MET_GARDEN	5,7	 	93	 	4,66	 	12,4	 	5,6	 
1.1.2022 21:01	MET_GARDEN	5,7	 	93	 	4,66	 	12,4	 	5,6	 
1.1.2022 21:02	MET_GARDEN	5,7	 	93	 	4,66	 	12,4	 	5,6	 
1.1.2022 21:03	MET_GARDEN	5,7	 	94	 	4,81	 	12,4	 	5,6	 
1.1.2022 21:04	MET_GARDEN	5,7	 	94	 	4,81	 	12,4	 	5,6	 
1.1.2022 21:05	MET_GARDEN	5,7	 	94	 	4,81	 	12,4	 	5,6	 
1.1.2022 21:06	MET_GARDEN	5,8	 	94	 	4,91	 	12,4	 	5,6	 
1.1.2022 21:07	MET_GARDEN	5,8	 	94	 	4,91	 	12,4	 	5,6	 
1.1.2022 21:08	MET_GARDEN	5,7	 	94	 	4,81	 	12,4	 	5,6	 
1.1.2022 21:09	MET_GARDEN	5,8	 	94	 	4,91	 	12,4	 	5,6	 
1.1.2022 21:10	MET_GARDEN	5,8	 	94	 	4,91	 	12,4	 	5,6	 
1.1.2022 21:11	MET_GARDEN	5,8	 	94	 	4,91	 	12,4	 	5,6	 
1.1.2022 21:12	MET_GARDEN	5,8	 	94	 	4,91	 	12,4	 	5,6	 
1.1.2022 21:13	MET_GARDEN	5,8	 	94	 	4,91	 	12,4	 	5,6	 
1.1.2022 21:14	MET_GARDEN	5,9	 	94	 	5,01	 	12,4	 	5,6	 
1.1.2022 21:15	MET_GARDEN	5,9	 	94	 	5,01	 	12,4	 	5,6	 
1.1.2022 21:16	MET_GARDEN	5,9	 	94	 	5,01	 	12,4	 	5,6	 
1.1.2022 21:17	MET_GARDEN	5,9	 	94	 	5,01	 	12,4	 	5,6	 
1.1.2022 21:18	MET_GARDEN	5,9	 	94	 	5,01	 	12,4	 	5,6	 
1.1.2022 21:19	MET_GARDEN	5,9	 	94	 	5,01	 	12,4	 	5,6	 
1.1.2022 21:20	MET_GARDEN	6	 	94	 	5,11	 	12,4	 	5,6	 
1.1.2022 21:21	MET_GARDEN	6	 	94	 	5,11	 	12,4	 	5,6	 
1.1.2022 21:22	MET_GARDEN	6	 	94	 	5,11	 	12,4	 	5,6	 
1.1.2022 21:23	MET_GARDEN	6,1	 	94	 	5,21	 	12,4	 	5,6	 
1.1.2022 21:24	MET_GARDEN	6,1	 	94	 	5,21	 	12,4	 	5,6	 
1.1.2022 21:25	MET_GARDEN	6,1	 	94	 	5,21	 	12,4	 	5,6	 
1.1.2022 21:26	MET_GARDEN	6,1	 	94	 	5,21	 	12,4	 	5,6	 
1.1.2022 21:27	MET_GARDEN	6,1	 	94	 	5,21	 	12,4	 	5,6	 
1.1.2022 21:28	MET_GARDEN	6	 	93	 	4,96	 	12,4	 	5,6	 
1.1.2022 21:29	MET_GARDEN	6	 	93	 	4,96	 	12,4	 	5,6	 
1.1.2022 21:30	MET_GARDEN	6	 	93	 	4,96	 	12,4	 	5,6	 
1.1.2022 21:31	MET_GARDEN	5,9	 	93	 	4,86	 	12,4	 	5,6	 
1.1.2022 21:32	MET_GARDEN	5,9	 	94	 	5,01	 	12,4	 	5,6	 
1.1.2022 21:33	MET_GARDEN	5,9	 	94	 	5,01	 	12,4	 	5,6	 
1.1.2022 21:34	MET_GARDEN	5,9	 	94	 	5,01	 	12,4	 	5,6	 
1.1.2022 21:35	MET_GARDEN	6	 	94	 	5,11	 	12,4	 	5,6	 
1.1.2022 21:36	MET_GARDEN	6	 	94	 	5,11	 	12,4	 	5,6	 
1.1.2022 21:37	MET_GARDEN	6	 	94	 	5,11	 	12,4	 	5,6	 
1.1.2022 21:38	MET_GARDEN	5,9	 	94	 	5,01	 	12,4	 	5,6	 
1.1.2022 21:39	MET_GARDEN	5,9	 	94	 	5,01	 	12,4	 	5,6	 
1.1.2022 21:40	MET_GARDEN	5,9	 	94	 	5,01	 	12,4	 	5,6	 
1.1.2022 21:41	MET_GARDEN	6	 	94	 	5,11	 	12,4	 	5,6	 
1.1.2022 21:42	MET_GARDEN	6	 	94	 	5,11	 	12,4	 	5,6	 
1.1.2022 21:43	MET_GARDEN	6	 	94	 	5,11	 	12,4	 	5,6	 
1.1.2022 21:44	MET_GARDEN	6,1	 	94	 	5,21	 	12,4	 	5,6	 
1.1.2022 21:45	MET_GARDEN	6,1	 	94	 	5,21	 	12,4	 	5,6	 
1.1.2022 21:46	MET_GARDEN	6,1	 	94	 	5,21	 	12,4	 	5,6	 
1.1.2022 21:47	MET_GARDEN	6,1	 	94	 	5,21	 	12,4	 	5,6	 
1.1.2022 21:48	MET_GARDEN	6,1	 	94	 	5,21	 	12,4	 	5,6	 
1.1.2022 21:49	MET_GARDEN	6,1	 	94	 	5,21	 	12,4	 	5,6	 
1.1.2022 21:50	MET_GARDEN	6	 	94	 	5,11	 	12,4	 	5,6	 
1.1.2022 21:51	MET_GARDEN	6	 	94	 	5,11	 	12,4	 	5,6	 
1.1.2022 21:52	MET_GARDEN	6	 	94	 	5,11	 	12,4	 	5,6	 
1.1.2022 21:53	MET_GARDEN	6	 	94	 	5,11	 	12,4	 	5,6	 
1.1.2022 21:54	MET_GARDEN	5,9	 	93	 	4,86	 	12,4	 	5,6	 
1.1.2022 21:55	MET_GARDEN	5,9	 	94	 	5,01	 	12,4	 	5,6	 
1.1.2022 21:56	MET_GARDEN	5,9	 	94	 	5,01	 	12,4	 	5,6	 
1.1.2022 21:57	MET_GARDEN	5,9	 	94	 	5,01	 	12,4	 	5,6	 
1.1.2022 21:58	MET_GARDEN	5,9	 	94	 	5,01	 	12,4	 	5,6	 
1.1.2022 21:59	MET_GARDEN	5,9	 	94	 	5,01	 	12,4	 	5,6	 
1.1.2022 22:00	MET_GARDEN	5,9	 	94	 	5,01	 	12,4	 	5,6	 
1.1.2022 22:01	MET_GARDEN	5,9	 	94	 	5,01	 	12,4	 	5,6	 
1.1.2022 22:02	MET_GARDEN	5,9	 	94	 	5,01	 	12,4	 	5,6	 
1.1.2022 22:03	MET_GARDEN	5,9	 	94	 	5,01	 	12,4	 	5,6	 
1.1.2022 22:04	MET_GARDEN	5,9	 	94	 	5,01	 	12,4	 	5,6	 
1.1.2022 22:05	MET_GARDEN	5,9	 	94	 	5,01	 	12,4	 	5,6	 
1.1.2022 22:06	MET_GARDEN	5,8	 	94	 	4,91	 	12,4	 	5,6	 
1.1.2022 22:07	MET_GARDEN	5,8	 	94	 	4,91	 	12,4	 	5,6	 
1.1.2022 22:08	MET_GARDEN	5,8	 	94	 	4,91	 	12,4	 	5,6	 
1.1.2022 22:09	MET_GARDEN	5,7	 	94	 	4,81	 	12,4	 	5,6	 
1.1.2022 22:10	MET_GARDEN	5,8	 	94	 	4,91	 	12,4	 	5,6	 
1.1.2022 22:11	MET_GARDEN	5,8	 	94	 	4,91	 	12,4	 	5,6	 
1.1.2022 22:12	MET_GARDEN	5,9	 	94	 	5,01	 	12,4	 	5,6	 
1.1.2022 22:13	MET_GARDEN	5,9	 	94	 	5,01	 	12,4	 	5,6	 
1.1.2022 22:14	MET_GARDEN	5,9	 	94	 	5,01	 	12,4	 	5,6	 
1.1.2022 22:15	MET_GARDEN	5,9	 	94	 	5,01	 	12,4	 	5,6	 
1.1.2022 22:16	MET_GARDEN	5,9	 	94	 	5,01	 	12,4	 	5,6	 
1.1.2022 22:17	MET_GARDEN	5,8	 	94	 	4,91	 	12,4	 	5,6	 
1.1.2022 22:18	MET_GARDEN	5,7	 	93	 	4,66	 	12,4	 	5,6	 
1.1.2022 22:19	MET_GARDEN	5,7	 	93	 	4,66	 	12,4	 	5,6	 
1.1.2022 22:20	MET_GARDEN	5,6	 	93	 	4,56	 	12,4	 	5,6	 
1.1.2022 22:21	MET_GARDEN	5,6	 	94	 	4,71	 	12,4	 	5,6	 
1.1.2022 22:22	MET_GARDEN	5,6	 	94	 	4,71	 	12,4	 	5,6	 
1.1.2022 22:23	MET_GARDEN	5,5	 	94	 	4,61	 	12,4	 	5,5	 
1.1.2022 22:24	MET_GARDEN	5,5	 	94	 	4,61	 	12,4	 	5,5	 
1.1.2022 22:25	MET_GARDEN	5,5	 	94	 	4,61	 	12,4	 	5,5	 
1.1.2022 22:26	MET_GARDEN	5,5	 	94	 	4,61	 	12,4	 	5,5	 
1.1.2022 22:27	MET_GARDEN	5,4	 	94	 	4,52	 	12,4	 	5,4	 
1.1.2022 22:28	MET_GARDEN	5,5	 	94	 	4,61	 	12,4	 	5,4	 
1.1.2022 22:29	MET_GARDEN	5,5	 	94	 	4,61	 	12,4	 	5,4	 
1.1.2022 22:30	MET_GARDEN	5,7	 	95	 	4,96	 	12,4	 	5,4	 
1.1.2022 22:31	MET_GARDEN	5,8	 	95	 	5,06	 	12,4	 	5,4	 
1.1.2022 22:32	MET_GARDEN	5,9	 	95	 	5,16	 	12,4	 	5,4	 
1.1.2022 22:33	MET_GARDEN	6	 	95	 	5,26	 	12,4	 	5,4	 
1.1.2022 22:34	MET_GARDEN	6,2	 	95	 	5,46	 	12,4	 	5,4	 
1.1.2022 22:35	MET_GARDEN	6,5	 	95	 	5,76	 	12,4	 	5,4	 
1.1.2022 22:36	MET_GARDEN	6,5	 	94	 	5,61	 	12,4	 	5,4	 
1.1.2022 22:37	MET_GARDEN	6,5	 	93	 	5,46	 	12,4	 	5,4	 
1.1.2022 22:38	MET_GARDEN	6,4	 	93	 	5,36	 	12,4	 	5,4	 
1.1.2022 22:39	MET_GARDEN	6,4	 	92	 	5,2	 	12,4	 	5,4	 
1.1.2022 22:40	MET_GARDEN	6,3	 	92	 	5,1	 	12,4	 	5,4	 
1.1.2022 22:41	MET_GARDEN	6,3	 	92	 	5,1	 	12,4	 	5,4	 
1.1.2022 22:42	MET_GARDEN	6,3	 	92	 	5,1	 	12,4	 	5,4	 
1.1.2022 22:43	MET_GARDEN	6,2	 	92	 	5	 	12,4	 	5,4	 
1.1.2022 22:44	MET_GARDEN	6,2	 	92	 	5	 	12,4	 	5,4	 
1.1.2022 22:45	MET_GARDEN	6,2	 	92	 	5	 	12,4	 	5,4	 
1.1.2022 22:46	MET_GARDEN	6,2	 	92	 	5	 	12,4	 	5,4	 
1.1.2022 22:47	MET_GARDEN	6,2	 	92	 	5	 	12,4	 	5,4	 
1.1.2022 22:48	MET_GARDEN	6,2	 	91	 	4,85	 	12,4	 	5,4	 
1.1.2022 22:49	MET_GARDEN	6,2	 	91	 	4,85	 	12,4	 	5,4	 
1.1.2022 22:50	MET_GARDEN	6,1	 	91	 	4,75	 	12,4	 	5,4	 
1.1.2022 22:51	MET_GARDEN	6,1	 	91	 	4,75	 	12,4	 	5,4	 
1.1.2022 22:52	MET_GARDEN	6	 	91	 	4,65	 	12,4	 	5,4	 
1.1.2022 22:53	MET_GARDEN	6	 	91	 	4,65	 	12,4	 	5,4	 
1.1.2022 22:54	MET_GARDEN	5,9	 	91	 	4,55	 	12,4	 	5,4	 
1.1.2022 22:55	MET_GARDEN	5,8	 	91	 	4,45	 	12,4	 	5,4	 
1.1.2022 22:56	MET_GARDEN	5,8	 	91	 	4,45	 	12,4	 	5,4	 
1.1.2022 22:57	MET_GARDEN	5,7	 	91	 	4,35	 	12,4	 	5,4	 
1.1.2022 22:58	MET_GARDEN	5,7	 	92	 	4,51	 	12,4	 	5,4	 
1.1.2022 22:59	MET_GARDEN	5,6	 	92	 	4,41	 	12,4	 	5,4	 
1.1.2022 23:00	MET_GARDEN	5,7	 	92	 	4,51	 	12,4	 	5,4	 
1.1.2022 23:01	MET_GARDEN	5,7	 	92	 	4,51	 	12,4	 	5,4	 
1.1.2022 23:02	MET_GARDEN	5,7	 	92	 	4,51	 	12,4	 	5,4	 
1.1.2022 23:03	MET_GARDEN	5,6	 	92	 	4,41	 	12,4	 	5,4	 
1.1.2022 23:04	MET_GARDEN	5,6	 	92	 	4,41	 	12,4	 	5,4	 
1.1.2022 23:05	MET_GARDEN	5,6	 	92	 	4,41	 	12,4	 	5,4	 
1.1.2022 23:06	MET_GARDEN	5,6	 	92	 	4,41	 	12,4	 	5,4	 
1.1.2022 23:07	MET_GARDEN	5,6	 	93	 	4,56	 	12,4	 	5,4	 
1.1.2022 23:08	MET_GARDEN	5,5	 	92	 	4,31	 	12,4	 	5,4	 
1.1.2022 23:09	MET_GARDEN	5,5	 	92	 	4,31	 	12,4	 	5,4	 
1.1.2022 23:10	MET_GARDEN	5,4	 	92	 	4,21	 	12,4	 	5,4	 
1.1.2022 23:11	MET_GARDEN	5,3	 	92	 	4,11	 	12,4	 	5,3	 
1.1.2022 23:12	MET_GARDEN	5,3	 	93	 	4,26	 	12,4	 	5,3	 
1.1.2022 23:13	MET_GARDEN	5,3	 	93	 	4,26	 	12,4	 	5,3	 
1.1.2022 23:14	MET_GARDEN	5,2	 	93	 	4,16	 	12,4	 	5,2	 
1.1.2022 23:15	MET_GARDEN	5,2	 	93	 	4,16	 	12,4	 	5,2	 
1.1.2022 23:16	MET_GARDEN	5,3	 	93	 	4,26	 	12,4	 	5,2	 
1.1.2022 23:17	MET_GARDEN	5,3	 	93	 	4,26	 	12,4	 	5,2	 
1.1.2022 23:18	MET_GARDEN	5,2	 	93	 	4,16	 	12,4	 	5,2	 
1.1.2022 23:19	MET_GARDEN	5,2	 	93	 	4,16	 	12,4	 	5,2	 
1.1.2022 23:20	MET_GARDEN	5,2	 	93	 	4,16	 	12,4	 	5,2	 
1.1.2022 23:21	MET_GARDEN	5,2	 	93	 	4,16	 	12,4	 	5,2	 
1.1.2022 23:22	MET_GARDEN	5,1	 	93	 	4,07	 	12,4	 	5,1	 
1.1.2022 23:23	MET_GARDEN	5,1	 	93	 	4,07	 	12,4	 	5,1	 
1.1.2022 23:24	MET_GARDEN	5,1	 	94	 	4,22	 	12,4	 	5,1	 
1.1.2022 23:25	MET_GARDEN	5,1	 	94	 	4,22	 	12,4	 	5,1	 
1.1.2022 23:26	MET_GARDEN	5,1	 	94	 	4,22	 	12,4	 	5,1	 
1.1.2022 23:27	MET_GARDEN	5,1	 	94	 	4,22	 	12,4	 	5,1	 
1.1.2022 23:28	MET_GARDEN	5,1	 	94	 	4,22	 	12,4	 	5,1	 
1.1.2022 23:29	MET_GARDEN	5,1	 	94	 	4,22	 	12,4	 	5,1	 
1.1.2022 23:30	MET_GARDEN	5,1	 	94	 	4,22	 	12,4	 	5,1	 
1.1.2022 23:31	MET_GARDEN	5,2	 	94	 	4,32	 	12,4	 	5,1	 
1.1.2022 23:32	MET_GARDEN	5,2	 	94	 	4,32	 	12,4	 	5,1	 
1.1.2022 23:33	MET_GARDEN	5,2	 	94	 	4,32	 	12,4	 	5,1	 
1.1.2022 23:34	MET_GARDEN	5,2	 	93	 	4,16	 	12,4	 	5,1	 
1.1.2022 23:35	MET_GARDEN	5,1	 	93	 	4,07	 	12,4	 	5,1	 
1.1.2022 23:36	MET_GARDEN	5,2	 	93	 	4,16	 	12,4	 	5,1	 
1.1.2022 23:37	MET_GARDEN	5,4	 	94	 	4,52	 	12,4	 	5,1	 
1.1.2022 23:38	MET_GARDEN	5,5	 	94	 	4,61	 	12,4	 	5,1	 
1.1.2022 23:39	MET_GARDEN	5,4	 	94	 	4,52	 	12,4	 	5,1	 
1.1.2022 23:40	MET_GARDEN	5,3	 	93	 	4,26	 	12,4	 	5,1	 
1.1.2022 23:41	MET_GARDEN	5,2	 	93	 	4,16	 	12,4	 	5,1	 
1.1.2022 23:42	MET_GARDEN	5,2	 	93	 	4,16	 	12,4	 	5,1	 
1.1.2022 23:43	MET_GARDEN	5,4	 	93	 	4,36	 	12,4	 	5,1	 
1.1.2022 23:44	MET_GARDEN	5,3	 	93	 	4,26	 	12,4	 	5,1	 
1.1.2022 23:45	MET_GARDEN	5,4	 	93	 	4,36	 	12,4	 	5,1	 
1.1.2022 23:46	MET_GARDEN	5,5	 	93	 	4,46	 	12,4	 	5,1	 
1.1.2022 23:47	MET_GARDEN	5,4	 	93	 	4,36	 	12,4	 	5,1	 
1.1.2022 23:48	MET_GARDEN	5,4	 	93	 	4,36	 	12,4	 	5,1	 
1.1.2022 23:49	MET_GARDEN	5,3	 	93	 	4,26	 	12,4	 	5,1	 
1.1.2022 23:50	MET_GARDEN	5,3	 	92	 	4,11	 	12,4	 	5,1	 
1.1.2022 23:51	MET_GARDEN	5,2	 	92	 	4,01	 	12,4	 	5,1	 
1.1.2022 23:52	MET_GARDEN	5,3	 	93	 	4,26	 	12,4	 	5,1	 
1.1.2022 23:53	MET_GARDEN	5,4	 	93	 	4,36	 	12,4	 	5,1	 
1.1.2022 23:54	MET_GARDEN	5,4	 	93	 	4,36	 	12,4	 	5,1	 
1.1.2022 23:55	MET_GARDEN	5,3	 	93	 	4,26	 	12,4	 	5,1	 
1.1.2022 23:56	MET_GARDEN	5,4	 	93	 	4,36	 	12,4	 	5,1	 
1.1.2022 23:57	MET_GARDEN	5,5	 	93	 	4,46	 	12,4	 	5,1	 
1.1.2022 23:58	MET_GARDEN	5,5	 	93	 	4,46	 	12,4	 	5,1	 
1.1.2022 23:59	MET_GARDEN	5,6	 	93	 	4,56	 	12,4	 	5,1	 
