CREATEDATE	SITE	TH_TT	ST	TH_UU	ST	TH_TD	ST	TAMAX_06-18	ST	TAMIN_18-06	ST
2022-01-15 00:00:03	MET_GARDEN	2,10	 	91,00	 	0,79	 	6,20	 	2,00	 
2022-01-15 00:01:00	MET_GARDEN	2,10	 	91,00	 	0,79	 	6,20	 	2,00	 
2022-01-15 00:02:00	MET_GARDEN	2,10	 	91,00	 	0,79	 	6,20	 	2,00	 
2022-01-15 00:03:00	MET_GARDEN	2,10	 	91,00	 	0,79	 	6,20	 	2,00	 
2022-01-15 00:04:00	MET_GARDEN	2,10	 	91,00	 	0,79	 	6,20	 	2,00	 
2022-01-15 00:05:00	MET_GARDEN	2,20	 	91,00	 	0,88	 	6,20	 	2,00	 
2022-01-15 00:06:00	MET_GARDEN	2,20	 	90,00	 	0,73	 	6,20	 	2,00	 
2022-01-15 00:07:00	MET_GARDEN	2,20	 	90,00	 	0,73	 	6,20	 	2,00	 
2022-01-15 00:08:00	MET_GARDEN	2,20	 	90,00	 	0,73	 	6,20	 	2,00	 
2022-01-15 00:09:00	MET_GARDEN	2,20	 	90,00	 	0,73	 	6,20	 	2,00	 
2022-01-15 00:10:00	MET_GARDEN	2,20	 	90,00	 	0,73	 	6,20	 	2,00	 
2022-01-15 00:11:00	MET_GARDEN	2,20	 	90,00	 	0,73	 	6,20	 	2,00	 
2022-01-15 00:12:00	MET_GARDEN	2,20	 	90,00	 	0,73	 	6,20	 	2,00	 
2022-01-15 00:13:00	MET_GARDEN	2,20	 	89,00	 	0,58	 	6,20	 	2,00	 
2022-01-15 00:14:00	MET_GARDEN	2,20	 	89,00	 	0,58	 	6,20	 	2,00	 
2022-01-15 00:15:00	MET_GARDEN	2,20	 	89,00	 	0,58	 	6,20	 	2,00	 
2022-01-15 00:16:00	MET_GARDEN	2,20	 	89,00	 	0,58	 	6,20	 	2,00	 
2022-01-15 00:17:00	MET_GARDEN	2,20	 	89,00	 	0,58	 	6,20	 	2,00	 
2022-01-15 00:18:00	MET_GARDEN	2,20	 	89,00	 	0,58	 	6,20	 	2,00	 
2022-01-15 00:19:00	MET_GARDEN	2,20	 	89,00	 	0,58	 	6,20	 	2,00	 
2022-01-15 00:20:00	MET_GARDEN	2,20	 	89,00	 	0,58	 	6,20	 	2,00	 
2022-01-15 00:21:00	MET_GARDEN	2,20	 	89,00	 	0,58	 	6,20	 	2,00	 
2022-01-15 00:22:00	MET_GARDEN	2,30	 	89,00	 	0,68	 	6,20	 	2,00	 
2022-01-15 00:23:00	MET_GARDEN	2,30	 	88,00	 	0,52	 	6,20	 	2,00	 
2022-01-15 00:24:00	MET_GARDEN	2,30	 	88,00	 	0,52	 	6,20	 	2,00	 
2022-01-15 00:25:00	MET_GARDEN	2,20	 	88,00	 	0,42	 	6,20	 	2,00	 
2022-01-15 00:26:00	MET_GARDEN	2,20	 	88,00	 	0,42	 	6,20	 	2,00	 
2022-01-15 00:27:00	MET_GARDEN	2,10	 	89,00	 	0,48	 	6,20	 	2,00	 
2022-01-15 00:28:00	MET_GARDEN	2,20	 	89,00	 	0,58	 	6,20	 	2,00	 
2022-01-15 00:29:00	MET_GARDEN	2,10	 	89,00	 	0,48	 	6,20	 	2,00	 
2022-01-15 00:30:00	MET_GARDEN	2,10	 	89,00	 	0,48	 	6,20	 	2,00	 
2022-01-15 00:31:00	MET_GARDEN	2,10	 	89,00	 	0,48	 	6,20	 	2,00	 
2022-01-15 00:32:00	MET_GARDEN	2,10	 	89,00	 	0,48	 	6,20	 	2,00	 
2022-01-15 00:33:00	MET_GARDEN	2,10	 	89,00	 	0,48	 	6,20	 	2,00	 
2022-01-15 00:34:00	MET_GARDEN	2,00	 	89,00	 	0,38	 	6,20	 	2,00	 
2022-01-15 00:35:00	MET_GARDEN	2,00	 	89,00	 	0,38	 	6,20	 	2,00	 
2022-01-15 00:36:00	MET_GARDEN	2,10	 	89,00	 	0,48	 	6,20	 	2,00	 
2022-01-15 00:37:00	MET_GARDEN	2,10	 	89,00	 	0,48	 	6,20	 	2,00	 
2022-01-15 00:38:00	MET_GARDEN	2,10	 	89,00	 	0,48	 	6,20	 	2,00	 
2022-01-15 00:39:00	MET_GARDEN	2,10	 	89,00	 	0,48	 	6,20	 	2,00	 
2022-01-15 00:40:00	MET_GARDEN	2,10	 	89,00	 	0,48	 	6,20	 	2,00	 
2022-01-15 00:41:00	MET_GARDEN	2,10	 	89,00	 	0,48	 	6,20	 	2,00	 
2022-01-15 00:42:00	MET_GARDEN	2,10	 	89,00	 	0,48	 	6,20	 	2,00	 
2022-01-15 00:43:00	MET_GARDEN	2,20	 	89,00	 	0,58	 	6,20	 	2,00	 
2022-01-15 00:44:00	MET_GARDEN	2,20	 	88,00	 	0,42	 	6,20	 	2,00	 
2022-01-15 00:45:00	MET_GARDEN	2,20	 	88,00	 	0,42	 	6,20	 	2,00	 
2022-01-15 00:46:00	MET_GARDEN	2,20	 	88,00	 	0,42	 	6,20	 	2,00	 
2022-01-15 00:47:00	MET_GARDEN	2,20	 	88,00	 	0,42	 	6,20	 	2,00	 
2022-01-15 00:48:00	MET_GARDEN	2,20	 	88,00	 	0,42	 	6,20	 	2,00	 
2022-01-15 00:49:00	MET_GARDEN	2,20	 	88,00	 	0,42	 	6,20	 	2,00	 
2022-01-15 00:50:00	MET_GARDEN	2,30	 	88,00	 	0,52	 	6,20	 	2,00	 
2022-01-15 00:51:00	MET_GARDEN	2,30	 	88,00	 	0,52	 	6,20	 	2,00	 
2022-01-15 00:52:00	MET_GARDEN	2,40	 	88,00	 	0,62	 	6,20	 	2,00	 
2022-01-15 00:53:00	MET_GARDEN	2,50	 	87,00	 	0,56	 	6,20	 	2,00	 
2022-01-15 00:54:00	MET_GARDEN	2,50	 	87,00	 	0,56	 	6,20	 	2,00	 
2022-01-15 00:55:00	MET_GARDEN	2,40	 	87,00	 	0,46	 	6,20	 	2,00	 
2022-01-15 00:56:00	MET_GARDEN	2,40	 	87,00	 	0,46	 	6,20	 	2,00	 
2022-01-15 00:57:00	MET_GARDEN	2,30	 	87,00	 	0,36	 	6,20	 	2,00	 
2022-01-15 00:58:00	MET_GARDEN	2,20	 	87,00	 	0,26	 	6,20	 	2,00	 
2022-01-15 00:59:00	MET_GARDEN	2,20	 	88,00	 	0,42	 	6,20	 	2,00	 
2022-01-15 01:00:00	MET_GARDEN	2,20	 	88,00	 	0,42	 	6,20	 	2,00	 
2022-01-15 01:01:00	MET_GARDEN	2,20	 	88,00	 	0,42	 	6,20	 	2,00	 
2022-01-15 01:02:00	MET_GARDEN	2,30	 	88,00	 	0,52	 	6,20	 	2,00	 
2022-01-15 01:03:00	MET_GARDEN	2,20	 	88,00	 	0,42	 	6,20	 	2,00	 
2022-01-15 01:04:00	MET_GARDEN	2,20	 	88,00	 	0,42	 	6,20	 	2,00	 
2022-01-15 01:05:00	MET_GARDEN	2,20	 	89,00	 	0,58	 	6,20	 	2,00	 
2022-01-15 01:06:00	MET_GARDEN	2,20	 	89,00	 	0,58	 	6,20	 	2,00	 
2022-01-15 01:07:00	MET_GARDEN	2,20	 	89,00	 	0,58	 	6,20	 	2,00	 
2022-01-15 01:08:00	MET_GARDEN	2,20	 	89,00	 	0,58	 	6,20	 	2,00	 
2022-01-15 01:09:00	MET_GARDEN	2,30	 	89,00	 	0,68	 	6,20	 	2,00	 
2022-01-15 01:10:00	MET_GARDEN	2,30	 	89,00	 	0,68	 	6,20	 	2,00	 
2022-01-15 01:11:00	MET_GARDEN	2,30	 	88,00	 	0,52	 	6,20	 	2,00	 
2022-01-15 01:12:00	MET_GARDEN	2,30	 	88,00	 	0,52	 	6,20	 	2,00	 
2022-01-15 01:13:00	MET_GARDEN	2,30	 	88,00	 	0,52	 	6,20	 	2,00	 
2022-01-15 01:14:00	MET_GARDEN	2,30	 	88,00	 	0,52	 	6,20	 	2,00	 
2022-01-15 01:15:00	MET_GARDEN	2,20	 	88,00	 	0,42	 	6,20	 	2,00	 
2022-01-15 01:16:00	MET_GARDEN	2,20	 	88,00	 	0,42	 	6,20	 	2,00	 
2022-01-15 01:17:00	MET_GARDEN	2,20	 	89,00	 	0,58	 	6,20	 	2,00	 
2022-01-15 01:18:00	MET_GARDEN	2,20	 	89,00	 	0,58	 	6,20	 	2,00	 
2022-01-15 01:19:00	MET_GARDEN	2,20	 	89,00	 	0,58	 	6,20	 	2,00	 
2022-01-15 01:20:00	MET_GARDEN	2,20	 	89,00	 	0,58	 	6,20	 	2,00	 
2022-01-15 01:21:00	MET_GARDEN	2,20	 	89,00	 	0,58	 	6,20	 	2,00	 
2022-01-15 01:22:00	MET_GARDEN	2,20	 	89,00	 	0,58	 	6,20	 	2,00	 
2022-01-15 01:23:00	MET_GARDEN	2,20	 	89,00	 	0,58	 	6,20	 	2,00	 
2022-01-15 01:24:00	MET_GARDEN	2,20	 	89,00	 	0,58	 	6,20	 	2,00	 
2022-01-15 01:25:00	MET_GARDEN	2,20	 	89,00	 	0,58	 	6,20	 	2,00	 
2022-01-15 01:26:00	MET_GARDEN	2,10	 	89,00	 	0,48	 	6,20	 	2,00	 
2022-01-15 01:27:00	MET_GARDEN	2,10	 	89,00	 	0,48	 	6,20	 	2,00	 
2022-01-15 01:28:00	MET_GARDEN	2,10	 	89,00	 	0,48	 	6,20	 	2,00	 
2022-01-15 01:29:00	MET_GARDEN	2,10	 	89,00	 	0,48	 	6,20	 	2,00	 
2022-01-15 01:30:00	MET_GARDEN	2,10	 	90,00	 	0,63	 	6,20	 	2,00	 
2022-01-15 01:31:00	MET_GARDEN	2,10	 	90,00	 	0,63	 	6,20	 	2,00	 
2022-01-15 01:32:00	MET_GARDEN	2,10	 	90,00	 	0,63	 	6,20	 	2,00	 
2022-01-15 01:33:00	MET_GARDEN	2,20	 	90,00	 	0,73	 	6,20	 	2,00	 
2022-01-15 01:34:00	MET_GARDEN	2,20	 	90,00	 	0,73	 	6,20	 	2,00	 
2022-01-15 01:35:00	MET_GARDEN	2,20	 	89,00	 	0,58	 	6,20	 	2,00	 
2022-01-15 01:36:00	MET_GARDEN	2,20	 	89,00	 	0,58	 	6,20	 	2,00	 
2022-01-15 01:37:00	MET_GARDEN	2,20	 	89,00	 	0,58	 	6,20	 	2,00	 
2022-01-15 01:38:00	MET_GARDEN	2,20	 	89,00	 	0,58	 	6,20	 	2,00	 
2022-01-15 01:39:00	MET_GARDEN	2,20	 	89,00	 	0,58	 	6,20	 	2,00	 
2022-01-15 01:40:00	MET_GARDEN	2,20	 	89,00	 	0,58	 	6,20	 	2,00	 
2022-01-15 01:41:00	MET_GARDEN	2,20	 	89,00	 	0,58	 	6,20	 	2,00	 
2022-01-15 01:42:00	MET_GARDEN	2,10	 	89,00	 	0,48	 	6,20	 	2,00	 
2022-01-15 01:43:00	MET_GARDEN	2,20	 	89,00	 	0,58	 	6,20	 	2,00	 
2022-01-15 01:44:00	MET_GARDEN	2,20	 	89,00	 	0,58	 	6,20	 	2,00	 
2022-01-15 01:45:00	MET_GARDEN	2,20	 	89,00	 	0,58	 	6,20	 	2,00	 
2022-01-15 01:46:00	MET_GARDEN	2,10	 	89,00	 	0,48	 	6,20	 	2,00	 
2022-01-15 01:47:00	MET_GARDEN	2,10	 	89,00	 	0,48	 	6,20	 	2,00	 
2022-01-15 01:48:00	MET_GARDEN	2,10	 	90,00	 	0,63	 	6,20	 	2,00	 
2022-01-15 01:49:00	MET_GARDEN	2,10	 	90,00	 	0,63	 	6,20	 	2,00	 
2022-01-15 01:50:00	MET_GARDEN	2,10	 	90,00	 	0,63	 	6,20	 	2,00	 
2022-01-15 01:51:00	MET_GARDEN	2,00	 	90,00	 	0,53	 	6,20	 	2,00	 
2022-01-15 01:52:00	MET_GARDEN	2,00	 	90,00	 	0,53	 	6,20	 	2,00	 
2022-01-15 01:53:00	MET_GARDEN	2,00	 	90,00	 	0,53	 	6,20	 	2,00	 
2022-01-15 01:54:00	MET_GARDEN	2,00	 	90,00	 	0,53	 	6,20	 	2,00	 
2022-01-15 01:55:00	MET_GARDEN	2,00	 	90,00	 	0,53	 	6,20	 	2,00	 
2022-01-15 01:56:00	MET_GARDEN	2,00	 	90,00	 	0,53	 	6,20	 	2,00	 
2022-01-15 01:57:00	MET_GARDEN	2,00	 	90,00	 	0,53	 	6,20	 	2,00	 
2022-01-15 01:58:00	MET_GARDEN	2,00	 	90,00	 	0,53	 	6,20	 	2,00	 
2022-01-15 01:59:00	MET_GARDEN	2,00	 	90,00	 	0,53	 	6,20	 	2,00	 
2022-01-15 02:00:00	MET_GARDEN	2,00	 	90,00	 	0,53	 	6,20	 	2,00	 
2022-01-15 02:01:00	MET_GARDEN	2,00	 	90,00	 	0,53	 	6,20	 	2,00	 
2022-01-15 02:02:00	MET_GARDEN	2,00	 	90,00	 	0,53	 	6,20	 	2,00	 
2022-01-15 02:03:00	MET_GARDEN	2,00	 	90,00	 	0,53	 	6,20	 	2,00	 
2022-01-15 02:04:00	MET_GARDEN	2,00	 	90,00	 	0,53	 	6,20	 	1,90	 
2022-01-15 02:05:00	MET_GARDEN	1,90	 	90,00	 	0,43	 	6,20	 	1,90	 
2022-01-15 02:06:00	MET_GARDEN	1,90	 	90,00	 	0,43	 	6,20	 	1,90	 
2022-01-15 02:07:00	MET_GARDEN	1,90	 	90,00	 	0,43	 	6,20	 	1,90	 
2022-01-15 02:08:00	MET_GARDEN	1,90	 	90,00	 	0,43	 	6,20	 	1,90	 
2022-01-15 02:09:00	MET_GARDEN	1,90	 	91,00	 	0,59	 	6,20	 	1,90	 
2022-01-15 02:10:00	MET_GARDEN	1,90	 	91,00	 	0,59	 	6,20	 	1,90	 
2022-01-15 02:11:00	MET_GARDEN	2,00	 	91,00	 	0,69	 	6,20	 	1,90	 
2022-01-15 02:12:00	MET_GARDEN	2,10	 	90,00	 	0,63	 	6,20	 	1,90	 
2022-01-15 02:13:00	MET_GARDEN	2,10	 	90,00	 	0,63	 	6,20	 	1,90	 
2022-01-15 02:14:00	MET_GARDEN	2,10	 	90,00	 	0,63	 	6,20	 	1,90	 
2022-01-15 02:15:00	MET_GARDEN	2,00	 	90,00	 	0,53	 	6,20	 	1,90	 
2022-01-15 02:16:00	MET_GARDEN	2,10	 	90,00	 	0,63	 	6,20	 	1,90	 
2022-01-15 02:17:00	MET_GARDEN	2,20	 	90,00	 	0,73	 	6,20	 	1,90	 
2022-01-15 02:18:00	MET_GARDEN	2,20	 	89,00	 	0,58	 	6,20	 	1,90	 
2022-01-15 02:19:00	MET_GARDEN	2,20	 	89,00	 	0,58	 	6,20	 	1,90	 
2022-01-15 02:20:00	MET_GARDEN	2,20	 	88,00	 	0,42	 	6,20	 	1,90	 
2022-01-15 02:21:00	MET_GARDEN	2,20	 	88,00	 	0,42	 	6,20	 	1,90	 
2022-01-15 02:22:00	MET_GARDEN	2,10	 	88,00	 	0,32	 	6,20	 	1,90	 
2022-01-15 02:23:00	MET_GARDEN	2,10	 	88,00	 	0,32	 	6,20	 	1,90	 
2022-01-15 02:24:00	MET_GARDEN	2,00	 	88,00	 	0,22	 	6,20	 	1,90	 
2022-01-15 02:25:00	MET_GARDEN	2,00	 	88,00	 	0,22	 	6,20	 	1,90	 
2022-01-15 02:26:00	MET_GARDEN	2,00	 	89,00	 	0,38	 	6,20	 	1,90	 
2022-01-15 02:27:00	MET_GARDEN	2,10	 	89,00	 	0,48	 	6,20	 	1,90	 
2022-01-15 02:28:00	MET_GARDEN	2,10	 	88,00	 	0,32	 	6,20	 	1,90	 
2022-01-15 02:29:00	MET_GARDEN	2,20	 	88,00	 	0,42	 	6,20	 	1,90	 
2022-01-15 02:30:00	MET_GARDEN	2,20	 	88,00	 	0,42	 	6,20	 	1,90	 
2022-01-15 02:31:00	MET_GARDEN	2,10	 	87,00	 	0,16	 	6,20	 	1,90	 
2022-01-15 02:32:00	MET_GARDEN	2,10	 	87,00	 	0,16	 	6,20	 	1,90	 
2022-01-15 02:33:00	MET_GARDEN	2,10	 	87,00	 	0,16	 	6,20	 	1,90	 
2022-01-15 02:34:00	MET_GARDEN	2,10	 	87,00	 	0,16	 	6,20	 	1,90	 
2022-01-15 02:35:00	MET_GARDEN	2,10	 	87,00	 	0,16	 	6,20	 	1,90	 
2022-01-15 02:36:00	MET_GARDEN	2,20	 	87,00	 	0,26	 	6,20	 	1,90	 
2022-01-15 02:37:00	MET_GARDEN	2,20	 	87,00	 	0,26	 	6,20	 	1,90	 
2022-01-15 02:38:00	MET_GARDEN	2,20	 	87,00	 	0,26	 	6,20	 	1,90	 
2022-01-15 02:39:00	MET_GARDEN	2,30	 	87,00	 	0,36	 	6,20	 	1,90	 
2022-01-15 02:40:00	MET_GARDEN	2,30	 	86,00	 	0,20	 	6,20	 	1,90	 
2022-01-15 02:41:00	MET_GARDEN	2,20	 	86,00	 	0,10	 	6,20	 	1,90	 
2022-01-15 02:42:00	MET_GARDEN	2,20	 	86,00	 	0,10	 	6,20	 	1,90	 
2022-01-15 02:43:00	MET_GARDEN	2,10	 	87,00	 	0,16	 	6,20	 	1,90	 
2022-01-15 02:44:00	MET_GARDEN	2,00	 	87,00	 	0,07	 	6,20	 	1,90	 
2022-01-15 02:45:00	MET_GARDEN	2,00	 	87,00	 	0,07	 	6,20	 	1,90	 
2022-01-15 02:46:00	MET_GARDEN	2,00	 	88,00	 	0,22	 	6,20	 	1,90	 
2022-01-15 02:47:00	MET_GARDEN	2,00	 	88,00	 	0,22	 	6,20	 	1,90	 
2022-01-15 02:48:00	MET_GARDEN	2,00	 	88,00	 	0,22	 	6,20	 	1,90	 
2022-01-15 02:49:00	MET_GARDEN	2,00	 	88,00	 	0,22	 	6,20	 	1,90	 
2022-01-15 02:50:00	MET_GARDEN	2,00	 	88,00	 	0,22	 	6,20	 	1,90	 
2022-01-15 02:51:00	MET_GARDEN	2,00	 	88,00	 	0,22	 	6,20	 	1,90	 
2022-01-15 02:52:00	MET_GARDEN	2,00	 	88,00	 	0,22	 	6,20	 	1,90	 
2022-01-15 02:53:00	MET_GARDEN	2,00	 	88,00	 	0,22	 	6,20	 	1,90	 
2022-01-15 02:54:00	MET_GARDEN	2,00	 	88,00	 	0,22	 	6,20	 	1,90	 
2022-01-15 02:55:00	MET_GARDEN	2,00	 	87,00	 	0,07	 	6,20	 	1,90	 
2022-01-15 02:56:00	MET_GARDEN	2,00	 	87,00	 	0,07	 	6,20	 	1,90	 
2022-01-15 02:57:00	MET_GARDEN	2,00	 	87,00	 	0,07	 	6,20	 	1,90	 
2022-01-15 02:58:00	MET_GARDEN	2,00	 	87,00	 	0,07	 	6,20	 	1,90	 
2022-01-15 02:59:00	MET_GARDEN	2,00	 	87,00	 	0,07	 	6,20	 	1,90	 
2022-01-15 03:00:00	MET_GARDEN	2,00	 	87,00	 	0,07	 	6,20	 	1,90	 
2022-01-15 03:01:00	MET_GARDEN	2,10	 	87,00	 	0,16	 	6,20	 	1,90	 
2022-01-15 03:02:00	MET_GARDEN	2,10	 	87,00	 	0,16	 	6,20	 	1,90	 
2022-01-15 03:03:00	MET_GARDEN	2,10	 	87,00	 	0,16	 	6,20	 	1,90	 
2022-01-15 03:04:00	MET_GARDEN	2,10	 	86,00	 	0,00	 	6,20	 	1,90	 
2022-01-15 03:05:00	MET_GARDEN	2,10	 	86,00	 	0,00	 	6,20	 	1,90	 
2022-01-15 03:06:00	MET_GARDEN	2,00	 	87,00	 	0,07	 	6,20	 	1,90	 
2022-01-15 03:07:00	MET_GARDEN	2,00	 	87,00	 	0,07	 	6,20	 	1,90	 
2022-01-15 03:08:00	MET_GARDEN	2,00	 	87,00	 	0,07	 	6,20	 	1,90	 
2022-01-15 03:09:00	MET_GARDEN	1,90	 	87,00	 	-0,03	 	6,20	 	1,90	 
2022-01-15 03:10:00	MET_GARDEN	1,90	 	87,00	 	-0,03	 	6,20	 	1,90	 
2022-01-15 03:11:00	MET_GARDEN	1,90	 	87,00	 	-0,03	 	6,20	 	1,90	 
2022-01-15 03:12:00	MET_GARDEN	1,90	 	88,00	 	0,12	 	6,20	 	1,90	 
2022-01-15 03:13:00	MET_GARDEN	1,90	 	88,00	 	0,12	 	6,20	 	1,80	 
2022-01-15 03:14:00	MET_GARDEN	1,80	 	88,00	 	0,03	 	6,20	 	1,80	 
2022-01-15 03:15:00	MET_GARDEN	1,80	 	88,00	 	0,03	 	6,20	 	1,80	 
2022-01-15 03:16:00	MET_GARDEN	1,80	 	88,00	 	0,03	 	6,20	 	1,80	 
2022-01-15 03:17:00	MET_GARDEN	1,80	 	89,00	 	0,18	 	6,20	 	1,70	 
2022-01-15 03:18:00	MET_GARDEN	1,70	 	89,00	 	0,08	 	6,20	 	1,70	 
2022-01-15 03:19:00	MET_GARDEN	1,70	 	89,00	 	0,08	 	6,20	 	1,60	 
2022-01-15 03:20:00	MET_GARDEN	1,60	 	89,00	 	-0,02	 	6,20	 	1,60	 
2022-01-15 03:21:00	MET_GARDEN	1,60	 	89,00	 	-0,02	 	6,20	 	1,50	 
2022-01-15 03:22:00	MET_GARDEN	1,50	 	90,00	 	0,04	 	6,20	 	1,50	 
2022-01-15 03:23:00	MET_GARDEN	1,50	 	90,00	 	0,04	 	6,20	 	1,50	 
2022-01-15 03:24:00	MET_GARDEN	1,50	 	90,00	 	0,04	 	6,20	 	1,50	 
2022-01-15 03:25:00	MET_GARDEN	1,60	 	90,00	 	0,14	 	6,20	 	1,50	 
2022-01-15 03:26:00	MET_GARDEN	1,60	 	90,00	 	0,14	 	6,20	 	1,50	 
2022-01-15 03:27:00	MET_GARDEN	1,60	 	90,00	 	0,14	 	6,20	 	1,50	 
2022-01-15 03:28:00	MET_GARDEN	1,60	 	90,00	 	0,14	 	6,20	 	1,50	 
2022-01-15 03:29:00	MET_GARDEN	1,70	 	90,00	 	0,24	 	6,20	 	1,50	 
2022-01-15 03:30:00	MET_GARDEN	1,70	 	90,00	 	0,24	 	6,20	 	1,50	 
2022-01-15 03:31:00	MET_GARDEN	1,70	 	90,00	 	0,24	 	6,20	 	1,50	 
2022-01-15 03:32:00	MET_GARDEN	1,80	 	90,00	 	0,34	 	6,20	 	1,50	 
2022-01-15 03:33:00	MET_GARDEN	1,70	 	90,00	 	0,24	 	6,20	 	1,50	 
2022-01-15 03:34:00	MET_GARDEN	1,70	 	90,00	 	0,24	 	6,20	 	1,50	 
2022-01-15 03:35:00	MET_GARDEN	1,60	 	90,00	 	0,14	 	6,20	 	1,50	 
2022-01-15 03:36:00	MET_GARDEN	1,60	 	90,00	 	0,14	 	6,20	 	1,50	 
2022-01-15 03:37:00	MET_GARDEN	1,60	 	90,00	 	0,14	 	6,20	 	1,50	 
2022-01-15 03:38:00	MET_GARDEN	1,60	 	90,00	 	0,14	 	6,20	 	1,50	 
2022-01-15 03:39:00	MET_GARDEN	1,60	 	90,00	 	0,14	 	6,20	 	1,50	 
2022-01-15 03:40:00	MET_GARDEN	1,60	 	90,00	 	0,14	 	6,20	 	1,50	 
2022-01-15 03:41:00	MET_GARDEN	1,60	 	90,00	 	0,14	 	6,20	 	1,50	 
2022-01-15 03:42:00	MET_GARDEN	1,70	 	90,00	 	0,24	 	6,20	 	1,50	 
2022-01-15 03:43:00	MET_GARDEN	1,70	 	90,00	 	0,24	 	6,20	 	1,50	 
2022-01-15 03:44:00	MET_GARDEN	1,70	 	90,00	 	0,24	 	6,20	 	1,50	 
2022-01-15 03:45:00	MET_GARDEN	1,80	 	90,00	 	0,34	 	6,20	 	1,50	 
2022-01-15 03:46:00	MET_GARDEN	1,90	 	89,00	 	0,28	 	6,20	 	1,50	 
2022-01-15 03:47:00	MET_GARDEN	1,90	 	89,00	 	0,28	 	6,20	 	1,50	 
2022-01-15 03:48:00	MET_GARDEN	1,90	 	88,00	 	0,12	 	6,20	 	1,50	 
2022-01-15 03:49:00	MET_GARDEN	1,80	 	88,00	 	0,03	 	6,20	 	1,50	 
2022-01-15 03:50:00	MET_GARDEN	1,80	 	88,00	 	0,03	 	6,20	 	1,50	 
2022-01-15 03:51:00	MET_GARDEN	1,80	 	88,00	 	0,03	 	6,20	 	1,50	 
2022-01-15 03:52:00	MET_GARDEN	1,80	 	88,00	 	0,03	 	6,20	 	1,50	 
2022-01-15 03:53:00	MET_GARDEN	1,80	 	89,00	 	0,18	 	6,20	 	1,50	 
2022-01-15 03:54:00	MET_GARDEN	1,80	 	89,00	 	0,18	 	6,20	 	1,50	 
2022-01-15 03:55:00	MET_GARDEN	1,80	 	89,00	 	0,18	 	6,20	 	1,50	 
2022-01-15 03:56:00	MET_GARDEN	1,70	 	89,00	 	0,08	 	6,20	 	1,50	 
2022-01-15 03:57:00	MET_GARDEN	1,70	 	89,00	 	0,08	 	6,20	 	1,50	 
2022-01-15 03:58:00	MET_GARDEN	1,80	 	89,00	 	0,18	 	6,20	 	1,50	 
2022-01-15 03:59:00	MET_GARDEN	1,80	 	88,00	 	0,03	 	6,20	 	1,50	 
2022-01-15 04:00:00	MET_GARDEN	1,80	 	88,00	 	0,03	 	6,20	 	1,50	 
2022-01-15 04:01:00	MET_GARDEN	1,80	 	88,00	 	0,03	 	6,20	 	1,50	 
2022-01-15 04:02:00	MET_GARDEN	1,80	 	88,00	 	0,03	 	6,20	 	1,50	 
2022-01-15 04:03:00	MET_GARDEN	1,70	 	88,00	 	-0,07	 	6,20	 	1,50	 
2022-01-15 04:04:00	MET_GARDEN	1,70	 	88,00	 	-0,07	 	6,20	 	1,50	 
2022-01-15 04:05:00	MET_GARDEN	1,70	 	88,00	 	-0,07	 	6,20	 	1,50	 
2022-01-15 04:06:00	MET_GARDEN	1,60	 	88,00	 	-0,17	 	6,20	 	1,50	 
2022-01-15 04:07:00	MET_GARDEN	1,60	 	88,00	 	-0,17	 	6,20	 	1,50	 
2022-01-15 04:08:00	MET_GARDEN	1,60	 	88,00	 	-0,17	 	6,20	 	1,50	 
2022-01-15 04:09:00	MET_GARDEN	1,60	 	88,00	 	-0,17	 	6,20	 	1,50	 
2022-01-15 04:10:00	MET_GARDEN	1,60	 	88,00	 	-0,17	 	6,20	 	1,50	 
2022-01-15 04:11:00	MET_GARDEN	1,60	 	88,00	 	-0,17	 	6,20	 	1,50	 
2022-01-15 04:12:00	MET_GARDEN	1,60	 	88,00	 	-0,17	 	6,20	 	1,50	 
2022-01-15 04:13:00	MET_GARDEN	1,60	 	88,00	 	-0,17	 	6,20	 	1,50	 
2022-01-15 04:14:00	MET_GARDEN	1,70	 	88,00	 	-0,07	 	6,20	 	1,50	 
2022-01-15 04:15:00	MET_GARDEN	1,80	 	88,00	 	0,03	 	6,20	 	1,50	 
2022-01-15 04:16:00	MET_GARDEN	1,80	 	87,00	 	-0,13	 	6,20	 	1,50	 
2022-01-15 04:17:00	MET_GARDEN	1,80	 	87,00	 	-0,13	 	6,20	 	1,50	 
2022-01-15 04:18:00	MET_GARDEN	1,80	 	87,00	 	-0,13	 	6,20	 	1,50	 
2022-01-15 04:19:00	MET_GARDEN	1,80	 	87,00	 	-0,13	 	6,20	 	1,50	 
2022-01-15 04:20:00	MET_GARDEN	1,80	 	86,00	 	-0,29	 	6,20	 	1,50	 
2022-01-15 04:21:00	MET_GARDEN	1,80	 	86,00	 	-0,29	 	6,20	 	1,50	 
2022-01-15 04:22:00	MET_GARDEN	1,80	 	86,00	 	-0,29	 	6,20	 	1,50	 
2022-01-15 04:23:00	MET_GARDEN	1,80	 	86,00	 	-0,29	 	6,20	 	1,50	 
2022-01-15 04:24:00	MET_GARDEN	1,80	 	85,00	 	-0,45	 	6,20	 	1,50	 
2022-01-15 04:25:00	MET_GARDEN	1,70	 	85,00	 	-0,55	 	6,20	 	1,50	 
2022-01-15 04:26:00	MET_GARDEN	1,50	 	85,00	 	-0,75	 	6,20	 	1,40	 
2022-01-15 04:27:00	MET_GARDEN	1,40	 	85,00	 	-0,85	 	6,20	 	1,30	 
2022-01-15 04:28:00	MET_GARDEN	1,30	 	86,00	 	-0,78	 	1,30	 	1,20	 
2022-01-15 04:29:00	MET_GARDEN	1,20	 	86,00	 	-0,88	 	1,30	 	1,20	 
2022-01-15 04:30:00	MET_GARDEN	1,20	 	86,00	 	-0,88	 	1,30	 	1,20	 
2022-01-15 04:31:00	MET_GARDEN	1,20	 	87,00	 	-0,72	 	1,30	 	1,10	 
2022-01-15 04:32:00	MET_GARDEN	1,10	 	87,00	 	-0,82	 	1,30	 	1,10	 
2022-01-15 04:33:00	MET_GARDEN	1,10	 	87,00	 	-0,82	 	1,30	 	1,10	 
2022-01-15 04:34:00	MET_GARDEN	1,10	 	88,00	 	-0,67	 	1,30	 	1,10	 
2022-01-15 04:35:00	MET_GARDEN	1,10	 	88,00	 	-0,67	 	1,30	 	1,10	 
2022-01-15 04:36:00	MET_GARDEN	1,10	 	88,00	 	-0,67	 	1,30	 	1,10	 
2022-01-15 04:37:00	MET_GARDEN	1,10	 	88,00	 	-0,67	 	1,30	 	1,10	 
2022-01-15 04:38:00	MET_GARDEN	1,20	 	89,00	 	-0,41	 	1,30	 	1,10	 
2022-01-15 04:39:00	MET_GARDEN	1,20	 	89,00	 	-0,41	 	1,30	 	1,10	 
2022-01-15 04:40:00	MET_GARDEN	1,20	 	88,00	 	-0,57	 	1,30	 	1,10	 
2022-01-15 04:41:00	MET_GARDEN	1,20	 	88,00	 	-0,57	 	1,30	 	1,10	 
2022-01-15 04:42:00	MET_GARDEN	1,20	 	88,00	 	-0,57	 	1,30	 	1,10	 
2022-01-15 04:43:00	MET_GARDEN	1,20	 	88,00	 	-0,57	 	1,30	 	1,10	 
2022-01-15 04:44:00	MET_GARDEN	1,30	 	89,00	 	-0,31	 	1,30	 	1,10	 
2022-01-15 04:45:00	MET_GARDEN	1,30	 	89,00	 	-0,31	 	1,30	 	1,10	 
2022-01-15 04:46:00	MET_GARDEN	1,30	 	88,00	 	-0,47	 	1,30	 	1,10	 
2022-01-15 04:47:00	MET_GARDEN	1,30	 	88,00	 	-0,47	 	1,30	 	1,10	 
2022-01-15 04:48:00	MET_GARDEN	1,30	 	88,00	 	-0,47	 	1,30	 	1,10	 
2022-01-15 04:49:00	MET_GARDEN	1,40	 	88,00	 	-0,37	 	1,40	 	1,10	 
2022-01-15 04:50:00	MET_GARDEN	1,40	 	88,00	 	-0,37	 	1,40	 	1,10	 
2022-01-15 04:51:00	MET_GARDEN	1,50	 	88,00	 	-0,27	 	1,50	 	1,10	 
2022-01-15 04:52:00	MET_GARDEN	1,50	 	88,00	 	-0,27	 	1,50	 	1,10	 
2022-01-15 04:53:00	MET_GARDEN	1,50	 	87,00	 	-0,43	 	1,50	 	1,10	 
2022-01-15 04:54:00	MET_GARDEN	1,60	 	87,00	 	-0,33	 	1,60	 	1,10	 
2022-01-15 04:55:00	MET_GARDEN	1,60	 	87,00	 	-0,33	 	1,60	 	1,10	 
2022-01-15 04:56:00	MET_GARDEN	1,60	 	87,00	 	-0,33	 	1,60	 	1,10	 
2022-01-15 04:57:00	MET_GARDEN	1,60	 	86,00	 	-0,49	 	1,60	 	1,10	 
2022-01-15 04:58:00	MET_GARDEN	1,60	 	86,00	 	-0,49	 	1,60	 	1,10	 
2022-01-15 04:59:00	MET_GARDEN	1,60	 	86,00	 	-0,49	 	1,60	 	1,10	 
2022-01-15 05:00:00	MET_GARDEN	1,60	 	86,00	 	-0,49	 	1,60	 	1,10	 
2022-01-15 05:01:00	MET_GARDEN	1,60	 	86,00	 	-0,49	 	1,60	 	1,10	 
2022-01-15 05:02:00	MET_GARDEN	1,60	 	86,00	 	-0,49	 	1,60	 	1,10	 
2022-01-15 05:03:00	MET_GARDEN	1,60	 	86,00	 	-0,49	 	1,60	 	1,10	 
2022-01-15 05:04:00	MET_GARDEN	1,60	 	86,00	 	-0,49	 	1,60	 	1,10	 
2022-01-15 05:05:00	MET_GARDEN	1,60	 	86,00	 	-0,49	 	1,60	 	1,10	 
2022-01-15 05:06:00	MET_GARDEN	1,60	 	86,00	 	-0,49	 	1,60	 	1,10	 
2022-01-15 05:07:00	MET_GARDEN	1,60	 	86,00	 	-0,49	 	1,60	 	1,10	 
2022-01-15 05:08:00	MET_GARDEN	1,50	 	86,00	 	-0,59	 	1,60	 	1,10	 
2022-01-15 05:09:00	MET_GARDEN	1,40	 	86,00	 	-0,69	 	1,60	 	1,10	 
2022-01-15 05:10:00	MET_GARDEN	1,40	 	87,00	 	-0,53	 	1,60	 	1,10	 
2022-01-15 05:11:00	MET_GARDEN	1,30	 	87,00	 	-0,63	 	1,60	 	1,10	 
2022-01-15 05:12:00	MET_GARDEN	1,20	 	87,00	 	-0,72	 	1,60	 	1,10	 
2022-01-15 05:13:00	MET_GARDEN	1,10	 	88,00	 	-0,67	 	1,60	 	1,10	 
2022-01-15 05:14:00	MET_GARDEN	1,10	 	88,00	 	-0,67	 	1,60	 	1,10	 
2022-01-15 05:15:00	MET_GARDEN	1,10	 	89,00	 	-0,51	 	1,60	 	1,00	 
2022-01-15 05:16:00	MET_GARDEN	1,00	 	89,00	 	-0,61	 	1,60	 	1,00	 
2022-01-15 05:17:00	MET_GARDEN	1,00	 	89,00	 	-0,61	 	1,60	 	1,00	 
2022-01-15 05:18:00	MET_GARDEN	1,10	 	90,00	 	-0,36	 	1,60	 	1,00	 
2022-01-15 05:19:00	MET_GARDEN	1,20	 	90,00	 	-0,26	 	1,60	 	1,00	 
2022-01-15 05:20:00	MET_GARDEN	1,30	 	90,00	 	-0,16	 	1,60	 	1,00	 
2022-01-15 05:21:00	MET_GARDEN	1,40	 	90,00	 	-0,06	 	1,60	 	1,00	 
2022-01-15 05:22:00	MET_GARDEN	1,40	 	89,00	 	-0,21	 	1,60	 	1,00	 
2022-01-15 05:23:00	MET_GARDEN	1,40	 	89,00	 	-0,21	 	1,60	 	1,00	 
2022-01-15 05:24:00	MET_GARDEN	1,50	 	89,00	 	-0,12	 	1,60	 	1,00	 
2022-01-15 05:25:00	MET_GARDEN	1,50	 	89,00	 	-0,12	 	1,60	 	1,00	 
2022-01-15 05:26:00	MET_GARDEN	1,50	 	88,00	 	-0,27	 	1,60	 	1,00	 
2022-01-15 05:27:00	MET_GARDEN	1,50	 	88,00	 	-0,27	 	1,60	 	1,00	 
2022-01-15 05:28:00	MET_GARDEN	1,40	 	88,00	 	-0,37	 	1,60	 	1,00	 
2022-01-15 05:29:00	MET_GARDEN	1,40	 	88,00	 	-0,37	 	1,60	 	1,00	 
2022-01-15 05:30:00	MET_GARDEN	1,30	 	89,00	 	-0,31	 	1,60	 	1,00	 
2022-01-15 05:31:00	MET_GARDEN	1,40	 	89,00	 	-0,21	 	1,60	 	1,00	 
2022-01-15 05:32:00	MET_GARDEN	1,40	 	89,00	 	-0,21	 	1,60	 	1,00	 
2022-01-15 05:33:00	MET_GARDEN	1,30	 	89,00	 	-0,31	 	1,60	 	1,00	 
2022-01-15 05:34:00	MET_GARDEN	1,30	 	89,00	 	-0,31	 	1,60	 	1,00	 
2022-01-15 05:35:00	MET_GARDEN	1,30	 	89,00	 	-0,31	 	1,60	 	1,00	 
2022-01-15 05:36:00	MET_GARDEN	1,30	 	89,00	 	-0,31	 	1,60	 	1,00	 
2022-01-15 05:37:00	MET_GARDEN	1,30	 	89,00	 	-0,31	 	1,60	 	1,00	 
2022-01-15 05:38:00	MET_GARDEN	1,30	 	89,00	 	-0,31	 	1,60	 	1,00	 
2022-01-15 05:39:00	MET_GARDEN	1,30	 	89,00	 	-0,31	 	1,60	 	1,00	 
2022-01-15 05:40:00	MET_GARDEN	1,30	 	89,00	 	-0,31	 	1,60	 	1,00	 
2022-01-15 05:41:00	MET_GARDEN	1,30	 	90,00	 	-0,16	 	1,60	 	1,00	 
2022-01-15 05:42:00	MET_GARDEN	1,20	 	90,00	 	-0,26	 	1,60	 	1,00	 
2022-01-15 05:43:00	MET_GARDEN	1,20	 	90,00	 	-0,26	 	1,60	 	1,00	 
2022-01-15 05:44:00	MET_GARDEN	1,20	 	90,00	 	-0,26	 	1,60	 	1,00	 
2022-01-15 05:45:00	MET_GARDEN	1,30	 	90,00	 	-0,16	 	1,60	 	1,00	 
2022-01-15 05:46:00	MET_GARDEN	1,30	 	90,00	 	-0,16	 	1,60	 	1,00	 
2022-01-15 05:47:00	MET_GARDEN	1,30	 	90,00	 	-0,16	 	1,60	 	1,00	 
2022-01-15 05:48:00	MET_GARDEN	1,30	 	90,00	 	-0,16	 	1,60	 	1,00	 
2022-01-15 05:49:00	MET_GARDEN	1,20	 	90,00	 	-0,26	 	1,60	 	1,00	 
2022-01-15 05:50:00	MET_GARDEN	1,20	 	90,00	 	-0,26	 	1,60	 	1,00	 
2022-01-15 05:51:00	MET_GARDEN	1,20	 	90,00	 	-0,26	 	1,60	 	1,00	 
2022-01-15 05:52:00	MET_GARDEN	1,20	 	90,00	 	-0,26	 	1,60	 	1,00	 
2022-01-15 05:53:00	MET_GARDEN	1,10	 	90,00	 	-0,36	 	1,60	 	1,00	 
2022-01-15 05:54:00	MET_GARDEN	1,10	 	90,00	 	-0,36	 	1,60	 	1,00	 
2022-01-15 05:55:00	MET_GARDEN	1,10	 	90,00	 	-0,36	 	1,60	 	1,00	 
2022-01-15 05:56:00	MET_GARDEN	1,00	 	90,00	 	-0,46	 	1,60	 	1,00	 
2022-01-15 05:57:00	MET_GARDEN	1,00	 	91,00	 	-0,30	 	1,60	 	1,00	 
2022-01-15 05:58:00	MET_GARDEN	1,00	 	91,00	 	-0,30	 	1,60	 	1,00	 
2022-01-15 05:59:00	MET_GARDEN	1,00	 	91,00	 	-0,30	 	1,60	 	1,00	 
2022-01-15 06:00:00	MET_GARDEN	1,00	 	91,00	 	-0,30	 	1,60	 	1,00	 
2022-01-15 06:01:00	MET_GARDEN	1,00	 	91,00	 	-0,30	 	1,60	 	1,00	 
2022-01-15 06:02:00	MET_GARDEN	1,00	 	91,00	 	-0,30	 	1,60	 	1,00	 
2022-01-15 06:03:00	MET_GARDEN	1,00	 	91,00	 	-0,30	 	1,60	 	1,00	 
2022-01-15 06:04:00	MET_GARDEN	1,00	 	91,00	 	-0,30	 	1,60	 	1,00	 
2022-01-15 06:05:00	MET_GARDEN	1,00	 	91,00	 	-0,30	 	1,60	 	0,90	 
2022-01-15 06:06:00	MET_GARDEN	0,90	 	91,00	 	-0,40	 	1,60	 	0,90	 
2022-01-15 06:07:00	MET_GARDEN	0,90	 	91,00	 	-0,40	 	1,60	 	0,90	 
2022-01-15 06:08:00	MET_GARDEN	0,90	 	91,00	 	-0,40	 	1,60	 	0,90	 
2022-01-15 06:09:00	MET_GARDEN	0,90	 	91,00	 	-0,40	 	1,60	 	0,80	 
2022-01-15 06:10:00	MET_GARDEN	0,80	 	91,00	 	-0,50	 	1,60	 	0,80	 
2022-01-15 06:11:00	MET_GARDEN	0,80	 	91,00	 	-0,50	 	1,60	 	0,80	 
2022-01-15 06:12:00	MET_GARDEN	0,80	 	91,00	 	-0,50	 	1,60	 	0,70	 
2022-01-15 06:13:00	MET_GARDEN	0,70	 	92,00	 	-0,45	 	1,60	 	0,70	 
2022-01-15 06:14:00	MET_GARDEN	0,70	 	92,00	 	-0,45	 	1,60	 	0,70	 
2022-01-15 06:15:00	MET_GARDEN	0,70	 	92,00	 	-0,45	 	1,60	 	0,70	 
2022-01-15 06:16:00	MET_GARDEN	0,70	 	92,00	 	-0,45	 	1,60	 	0,70	 
2022-01-15 06:17:00	MET_GARDEN	0,70	 	92,00	 	-0,45	 	1,60	 	0,60	 
2022-01-15 06:18:00	MET_GARDEN	0,60	 	92,00	 	-0,55	 	1,60	 	0,60	 
2022-01-15 06:19:00	MET_GARDEN	0,60	 	93,00	 	-0,40	 	1,60	 	0,60	 
2022-01-15 06:20:00	MET_GARDEN	0,70	 	93,00	 	-0,30	 	1,60	 	0,60	 
2022-01-15 06:21:00	MET_GARDEN	0,70	 	93,00	 	-0,30	 	1,60	 	0,60	 
2022-01-15 06:22:00	MET_GARDEN	0,70	 	93,00	 	-0,30	 	1,60	 	0,60	 
2022-01-15 06:23:00	MET_GARDEN	0,70	 	93,00	 	-0,30	 	1,60	 	0,60	 
2022-01-15 06:24:00	MET_GARDEN	0,80	 	93,00	 	-0,20	 	1,60	 	0,60	 
2022-01-15 06:25:00	MET_GARDEN	0,80	 	93,00	 	-0,20	 	1,60	 	0,60	 
2022-01-15 06:26:00	MET_GARDEN	0,80	 	93,00	 	-0,20	 	1,60	 	0,60	 
2022-01-15 06:27:00	MET_GARDEN	0,90	 	93,00	 	-0,10	 	1,60	 	0,60	 
2022-01-15 06:28:00	MET_GARDEN	0,90	 	93,00	 	-0,10	 	1,60	 	0,60	 
2022-01-15 06:29:00	MET_GARDEN	0,90	 	93,00	 	-0,10	 	1,60	 	0,60	 
2022-01-15 06:30:00	MET_GARDEN	0,90	 	92,00	 	-0,25	 	1,60	 	0,60	 
2022-01-15 06:31:00	MET_GARDEN	0,90	 	92,00	 	-0,25	 	1,60	 	0,60	 
2022-01-15 06:32:00	MET_GARDEN	0,90	 	92,00	 	-0,25	 	1,60	 	0,60	 
2022-01-15 06:33:00	MET_GARDEN	0,90	 	92,00	 	-0,25	 	1,60	 	0,60	 
2022-01-15 06:34:00	MET_GARDEN	0,90	 	92,00	 	-0,25	 	1,60	 	0,60	 
2022-01-15 06:35:00	MET_GARDEN	0,90	 	92,00	 	-0,25	 	1,60	 	0,60	 
2022-01-15 06:36:00	MET_GARDEN	0,90	 	92,00	 	-0,25	 	1,60	 	0,60	 
2022-01-15 06:37:00	MET_GARDEN	0,90	 	92,00	 	-0,25	 	1,60	 	0,60	 
2022-01-15 06:38:00	MET_GARDEN	0,80	 	92,00	 	-0,35	 	1,60	 	0,60	 
2022-01-15 06:39:00	MET_GARDEN	0,80	 	92,00	 	-0,35	 	1,60	 	0,60	 
2022-01-15 06:40:00	MET_GARDEN	0,80	 	92,00	 	-0,35	 	1,60	 	0,60	 
2022-01-15 06:41:00	MET_GARDEN	0,70	 	92,00	 	-0,45	 	1,60	 	0,60	 
2022-01-15 06:42:00	MET_GARDEN	0,70	 	92,00	 	-0,45	 	1,60	 	0,60	 
2022-01-15 06:43:00	MET_GARDEN	0,70	 	93,00	 	-0,30	 	1,60	 	0,60	 
2022-01-15 06:44:00	MET_GARDEN	0,70	 	93,00	 	-0,30	 	1,60	 	0,60	 
2022-01-15 06:45:00	MET_GARDEN	0,70	 	93,00	 	-0,30	 	1,60	 	0,60	 
2022-01-15 06:46:00	MET_GARDEN	0,70	 	93,00	 	-0,30	 	1,60	 	0,60	 
2022-01-15 06:47:00	MET_GARDEN	0,70	 	93,00	 	-0,30	 	1,60	 	0,60	 
2022-01-15 06:48:00	MET_GARDEN	0,70	 	93,00	 	-0,30	 	1,60	 	0,60	 
2022-01-15 06:49:00	MET_GARDEN	0,80	 	93,00	 	-0,20	 	1,60	 	0,60	 
2022-01-15 06:50:00	MET_GARDEN	0,80	 	93,00	 	-0,20	 	1,60	 	0,60	 
2022-01-15 06:51:00	MET_GARDEN	0,70	 	93,00	 	-0,30	 	1,60	 	0,60	 
2022-01-15 06:52:00	MET_GARDEN	0,70	 	93,00	 	-0,30	 	1,60	 	0,60	 
2022-01-15 06:53:00	MET_GARDEN	0,70	 	93,00	 	-0,30	 	1,60	 	0,60	 
2022-01-15 06:54:00	MET_GARDEN	0,70	 	93,00	 	-0,30	 	1,60	 	0,60	 
2022-01-15 06:55:00	MET_GARDEN	0,70	 	93,00	 	-0,30	 	1,60	 	0,60	 
2022-01-15 06:56:00	MET_GARDEN	0,60	 	93,00	 	-0,40	 	1,60	 	0,60	 
2022-01-15 06:57:00	MET_GARDEN	0,60	 	93,00	 	-0,40	 	1,60	 	0,60	 
2022-01-15 06:58:00	MET_GARDEN	0,60	 	93,00	 	-0,40	 	1,60	 	0,60	 
2022-01-15 06:59:00	MET_GARDEN	0,60	 	93,00	 	-0,40	 	1,60	 	0,60	 
2022-01-15 07:00:00	MET_GARDEN	0,60	 	93,00	 	-0,40	 	1,60	 	0,60	 
2022-01-15 07:01:00	MET_GARDEN	0,60	 	93,00	 	-0,40	 	1,60	 	0,60	 
2022-01-15 07:02:00	MET_GARDEN	0,60	 	93,00	 	-0,40	 	1,60	 	0,60	 
2022-01-15 07:03:00	MET_GARDEN	0,60	 	93,00	 	-0,40	 	1,60	 	0,60	 
2022-01-15 07:04:00	MET_GARDEN	0,60	 	93,00	 	-0,40	 	1,60	 	0,60	 
2022-01-15 07:05:00	MET_GARDEN	0,60	 	93,00	 	-0,40	 	1,60	 	0,60	 
2022-01-15 07:06:00	MET_GARDEN	0,60	 	93,00	 	-0,40	 	1,60	 	0,60	 
2022-01-15 07:07:00	MET_GARDEN	0,60	 	93,00	 	-0,40	 	1,60	 	0,60	 
2022-01-15 07:08:00	MET_GARDEN	0,60	 	93,00	 	-0,40	 	1,60	 	0,60	 
2022-01-15 07:09:00	MET_GARDEN	0,60	 	93,00	 	-0,40	 	1,60	 	0,50	 
2022-01-15 07:10:00	MET_GARDEN	0,50	 	93,00	 	-0,50	 	1,60	 	0,50	 
2022-01-15 07:11:00	MET_GARDEN	0,50	 	93,00	 	-0,50	 	1,60	 	0,50	 
2022-01-15 07:12:00	MET_GARDEN	0,50	 	93,00	 	-0,50	 	1,60	 	0,50	 
2022-01-15 07:13:00	MET_GARDEN	0,60	 	93,00	 	-0,40	 	1,60	 	0,50	 
2022-01-15 07:14:00	MET_GARDEN	0,60	 	93,00	 	-0,40	 	1,60	 	0,50	 
2022-01-15 07:15:00	MET_GARDEN	0,60	 	93,00	 	-0,40	 	1,60	 	0,50	 
2022-01-15 07:16:00	MET_GARDEN	0,60	 	93,00	 	-0,40	 	1,60	 	0,50	 
2022-01-15 07:17:00	MET_GARDEN	0,60	 	93,00	 	-0,40	 	1,60	 	0,50	 
2022-01-15 07:18:00	MET_GARDEN	0,60	 	93,00	 	-0,40	 	1,60	 	0,50	 
2022-01-15 07:19:00	MET_GARDEN	0,60	 	93,00	 	-0,40	 	1,60	 	0,50	 
2022-01-15 07:20:00	MET_GARDEN	0,60	 	93,00	 	-0,40	 	1,60	 	0,50	 
2022-01-15 07:21:00	MET_GARDEN	0,60	 	93,00	 	-0,40	 	1,60	 	0,50	 
2022-01-15 07:22:00	MET_GARDEN	0,60	 	93,00	 	-0,40	 	1,60	 	0,50	 
2022-01-15 07:23:00	MET_GARDEN	0,60	 	93,00	 	-0,40	 	1,60	 	0,50	 
2022-01-15 07:24:00	MET_GARDEN	0,60	 	93,00	 	-0,40	 	1,60	 	0,50	 
2022-01-15 07:25:00	MET_GARDEN	0,60	 	93,00	 	-0,40	 	1,60	 	0,50	 
2022-01-15 07:26:00	MET_GARDEN	0,60	 	93,00	 	-0,40	 	1,60	 	0,50	 
2022-01-15 07:27:00	MET_GARDEN	0,60	 	93,00	 	-0,40	 	1,60	 	0,50	 
2022-01-15 07:28:00	MET_GARDEN	0,60	 	93,00	 	-0,40	 	1,60	 	0,50	 
2022-01-15 07:29:00	MET_GARDEN	0,60	 	93,00	 	-0,40	 	1,60	 	0,50	 
2022-01-15 07:30:00	MET_GARDEN	0,60	 	93,00	 	-0,40	 	1,60	 	0,50	 
2022-01-15 07:31:00	MET_GARDEN	0,60	 	93,00	 	-0,40	 	1,60	 	0,50	 
2022-01-15 07:32:00	MET_GARDEN	0,70	 	93,00	 	-0,30	 	1,60	 	0,50	 
2022-01-15 07:33:00	MET_GARDEN	0,70	 	93,00	 	-0,30	 	1,60	 	0,50	 
2022-01-15 07:34:00	MET_GARDEN	0,70	 	93,00	 	-0,30	 	1,60	 	0,50	 
2022-01-15 07:35:00	MET_GARDEN	0,70	 	92,00	 	-0,45	 	1,60	 	0,50	 
2022-01-15 07:36:00	MET_GARDEN	0,70	 	92,00	 	-0,45	 	1,60	 	0,50	 
2022-01-15 07:37:00	MET_GARDEN	0,70	 	92,00	 	-0,45	 	1,60	 	0,50	 
2022-01-15 07:38:00	MET_GARDEN	0,80	 	92,00	 	-0,35	 	1,60	 	0,50	 
2022-01-15 07:39:00	MET_GARDEN	0,80	 	92,00	 	-0,35	 	1,60	 	0,50	 
2022-01-15 07:40:00	MET_GARDEN	0,70	 	92,00	 	-0,45	 	1,60	 	0,50	 
2022-01-15 07:41:00	MET_GARDEN	0,70	 	92,00	 	-0,45	 	1,60	 	0,50	 
2022-01-15 07:42:00	MET_GARDEN	0,70	 	92,00	 	-0,45	 	1,60	 	0,50	 
2022-01-15 07:43:00	MET_GARDEN	0,70	 	92,00	 	-0,45	 	1,60	 	0,50	 
2022-01-15 07:44:00	MET_GARDEN	0,70	 	92,00	 	-0,45	 	1,60	 	0,50	 
2022-01-15 07:45:00	MET_GARDEN	0,70	 	92,00	 	-0,45	 	1,60	 	0,50	 
2022-01-15 07:46:00	MET_GARDEN	0,70	 	92,00	 	-0,45	 	1,60	 	0,50	 
2022-01-15 07:47:00	MET_GARDEN	0,70	 	92,00	 	-0,45	 	1,60	 	0,50	 
2022-01-15 07:48:00	MET_GARDEN	0,70	 	92,00	 	-0,45	 	1,60	 	0,50	 
2022-01-15 07:49:00	MET_GARDEN	0,70	 	92,00	 	-0,45	 	1,60	 	0,50	 
2022-01-15 07:50:00	MET_GARDEN	0,70	 	92,00	 	-0,45	 	1,60	 	0,50	 
2022-01-15 07:51:00	MET_GARDEN	0,80	 	92,00	 	-0,35	 	1,60	 	0,50	 
2022-01-15 07:52:00	MET_GARDEN	0,80	 	92,00	 	-0,35	 	1,60	 	0,50	 
2022-01-15 07:53:00	MET_GARDEN	0,80	 	92,00	 	-0,35	 	1,60	 	0,50	 
2022-01-15 07:54:00	MET_GARDEN	0,80	 	92,00	 	-0,35	 	1,60	 	0,50	 
2022-01-15 07:55:00	MET_GARDEN	0,80	 	91,00	 	-0,50	 	1,60	 	0,50	 
2022-01-15 07:56:00	MET_GARDEN	0,80	 	91,00	 	-0,50	 	1,60	 	0,50	 
2022-01-15 07:57:00	MET_GARDEN	0,80	 	91,00	 	-0,50	 	1,60	 	0,50	 
2022-01-15 07:58:00	MET_GARDEN	0,70	 	91,00	 	-0,60	 	1,60	 	0,50	 
2022-01-15 07:59:00	MET_GARDEN	0,70	 	92,00	 	-0,45	 	1,60	 	0,50	 
2022-01-15 08:00:00	MET_GARDEN	0,70	 	92,00	 	-0,45	 	1,60	 	0,50	 
2022-01-15 08:01:00	MET_GARDEN	0,70	 	92,00	 	-0,45	 	1,60	 	0,50	 
2022-01-15 08:02:00	MET_GARDEN	0,70	 	92,00	 	-0,45	 	1,60	 	0,50	 
2022-01-15 08:03:00	MET_GARDEN	0,80	 	92,00	 	-0,35	 	1,60	 	0,50	 
2022-01-15 08:04:00	MET_GARDEN	0,80	 	92,00	 	-0,35	 	1,60	 	0,50	 
2022-01-15 08:05:00	MET_GARDEN	0,80	 	92,00	 	-0,35	 	1,60	 	0,50	 
2022-01-15 08:06:00	MET_GARDEN	0,80	 	91,00	 	-0,50	 	1,60	 	0,50	 
2022-01-15 08:07:00	MET_GARDEN	0,80	 	91,00	 	-0,50	 	1,60	 	0,50	 
2022-01-15 08:08:00	MET_GARDEN	0,80	 	91,00	 	-0,50	 	1,60	 	0,50	 
2022-01-15 08:09:00	MET_GARDEN	0,80	 	91,00	 	-0,50	 	1,60	 	0,50	 
2022-01-15 08:10:00	MET_GARDEN	0,80	 	91,00	 	-0,50	 	1,60	 	0,50	 
2022-01-15 08:11:00	MET_GARDEN	0,80	 	91,00	 	-0,50	 	1,60	 	0,50	 
2022-01-15 08:12:00	MET_GARDEN	0,80	 	91,00	 	-0,50	 	1,60	 	0,50	 
2022-01-15 08:13:00	MET_GARDEN	0,80	 	91,00	 	-0,50	 	1,60	 	0,50	 
2022-01-15 08:14:00	MET_GARDEN	0,80	 	91,00	 	-0,50	 	1,60	 	0,50	 
2022-01-15 08:15:00	MET_GARDEN	0,80	 	91,00	 	-0,50	 	1,60	 	0,50	 
2022-01-15 08:16:00	MET_GARDEN	0,80	 	91,00	 	-0,50	 	1,60	 	0,50	 
2022-01-15 08:17:00	MET_GARDEN	0,80	 	91,00	 	-0,50	 	1,60	 	0,50	 
2022-01-15 08:18:00	MET_GARDEN	0,80	 	91,00	 	-0,50	 	1,60	 	0,50	 
2022-01-15 08:19:00	MET_GARDEN	0,80	 	91,00	 	-0,50	 	1,60	 	0,50	 
2022-01-15 08:20:00	MET_GARDEN	0,80	 	91,00	 	-0,50	 	1,60	 	0,50	 
2022-01-15 08:21:00	MET_GARDEN	0,90	 	91,00	 	-0,40	 	1,60	 	0,50	 
2022-01-15 08:22:00	MET_GARDEN	0,90	 	91,00	 	-0,40	 	1,60	 	0,50	 
2022-01-15 08:23:00	MET_GARDEN	0,90	 	90,00	 	-0,55	 	1,60	 	0,50	 
2022-01-15 08:24:00	MET_GARDEN	0,90	 	90,00	 	-0,55	 	1,60	 	0,50	 
2022-01-15 08:25:00	MET_GARDEN	0,80	 	90,00	 	-0,65	 	1,60	 	0,50	 
2022-01-15 08:26:00	MET_GARDEN	0,80	 	90,00	 	-0,65	 	1,60	 	0,50	 
2022-01-15 08:27:00	MET_GARDEN	0,80	 	90,00	 	-0,65	 	1,60	 	0,50	 
2022-01-15 08:28:00	MET_GARDEN	0,80	 	90,00	 	-0,65	 	1,60	 	0,50	 
2022-01-15 08:29:00	MET_GARDEN	0,80	 	90,00	 	-0,65	 	1,60	 	0,50	 
2022-01-15 08:30:00	MET_GARDEN	0,90	 	90,00	 	-0,55	 	1,60	 	0,50	 
2022-01-15 08:31:00	MET_GARDEN	0,90	 	90,00	 	-0,55	 	1,60	 	0,50	 
2022-01-15 08:32:00	MET_GARDEN	0,90	 	90,00	 	-0,55	 	1,60	 	0,50	 
2022-01-15 08:33:00	MET_GARDEN	0,90	 	90,00	 	-0,55	 	1,60	 	0,50	 
2022-01-15 08:34:00	MET_GARDEN	0,90	 	90,00	 	-0,55	 	1,60	 	0,50	 
2022-01-15 08:35:00	MET_GARDEN	0,90	 	90,00	 	-0,55	 	1,60	 	0,50	 
2022-01-15 08:36:00	MET_GARDEN	0,90	 	89,00	 	-0,71	 	1,60	 	0,50	 
2022-01-15 08:37:00	MET_GARDEN	0,90	 	89,00	 	-0,71	 	1,60	 	0,50	 
2022-01-15 08:38:00	MET_GARDEN	0,80	 	89,00	 	-0,81	 	1,60	 	0,50	 
2022-01-15 08:39:00	MET_GARDEN	0,80	 	90,00	 	-0,65	 	1,60	 	0,50	 
2022-01-15 08:40:00	MET_GARDEN	0,80	 	90,00	 	-0,65	 	1,60	 	0,50	 
2022-01-15 08:41:00	MET_GARDEN	0,90	 	90,00	 	-0,55	 	1,60	 	0,50	 
2022-01-15 08:42:00	MET_GARDEN	1,00	 	89,00	 	-0,61	 	1,60	 	0,50	 
2022-01-15 08:43:00	MET_GARDEN	1,00	 	89,00	 	-0,61	 	1,60	 	0,50	 
2022-01-15 08:44:00	MET_GARDEN	1,00	 	89,00	 	-0,61	 	1,60	 	0,50	 
2022-01-15 08:45:00	MET_GARDEN	0,90	 	89,00	 	-0,71	 	1,60	 	0,50	 
2022-01-15 08:46:00	MET_GARDEN	0,90	 	89,00	 	-0,71	 	1,60	 	0,50	 
2022-01-15 08:47:00	MET_GARDEN	0,90	 	89,00	 	-0,71	 	1,60	 	0,50	 
2022-01-15 08:48:00	MET_GARDEN	0,90	 	89,00	 	-0,71	 	1,60	 	0,50	 
2022-01-15 08:49:00	MET_GARDEN	0,90	 	90,00	 	-0,55	 	1,60	 	0,50	 
2022-01-15 08:50:00	MET_GARDEN	0,80	 	90,00	 	-0,65	 	1,60	 	0,50	 
2022-01-15 08:51:00	MET_GARDEN	0,80	 	90,00	 	-0,65	 	1,60	 	0,50	 
2022-01-15 08:52:00	MET_GARDEN	0,80	 	90,00	 	-0,65	 	1,60	 	0,50	 
2022-01-15 08:53:00	MET_GARDEN	0,80	 	90,00	 	-0,65	 	1,60	 	0,50	 
2022-01-15 08:54:00	MET_GARDEN	0,80	 	90,00	 	-0,65	 	1,60	 	0,50	 
2022-01-15 08:55:00	MET_GARDEN	0,80	 	90,00	 	-0,65	 	1,60	 	0,50	 
2022-01-15 08:56:00	MET_GARDEN	0,80	 	90,00	 	-0,65	 	1,60	 	0,50	 
2022-01-15 08:57:00	MET_GARDEN	0,90	 	90,00	 	-0,55	 	1,60	 	0,50	 
2022-01-15 08:58:00	MET_GARDEN	0,90	 	90,00	 	-0,55	 	1,60	 	0,50	 
2022-01-15 08:59:00	MET_GARDEN	0,90	 	90,00	 	-0,55	 	1,60	 	0,50	 
2022-01-15 09:00:00	MET_GARDEN	0,90	 	90,00	 	-0,55	 	1,60	 	0,50	 
2022-01-15 09:01:00	MET_GARDEN	0,90	 	90,00	 	-0,55	 	1,60	 	0,50	 
2022-01-15 09:02:00	MET_GARDEN	0,90	 	90,00	 	-0,55	 	1,60	 	0,50	 
2022-01-15 09:03:00	MET_GARDEN	0,90	 	90,00	 	-0,55	 	1,60	 	0,50	 
2022-01-15 09:04:00	MET_GARDEN	0,90	 	90,00	 	-0,55	 	1,60	 	0,50	 
2022-01-15 09:05:00	MET_GARDEN	1,00	 	90,00	 	-0,46	 	1,60	 	0,50	 
2022-01-15 09:06:00	MET_GARDEN	1,00	 	90,00	 	-0,46	 	1,60	 	0,50	 
2022-01-15 09:07:00	MET_GARDEN	1,00	 	90,00	 	-0,46	 	1,60	 	0,50	 
2022-01-15 09:08:00	MET_GARDEN	1,00	 	90,00	 	-0,46	 	1,60	 	0,50	 
2022-01-15 09:09:00	MET_GARDEN	1,00	 	90,00	 	-0,46	 	1,60	 	0,50	 
2022-01-15 09:10:00	MET_GARDEN	1,00	 	90,00	 	-0,46	 	1,60	 	0,50	 
2022-01-15 09:11:00	MET_GARDEN	1,00	 	90,00	 	-0,46	 	1,60	 	0,50	 
2022-01-15 09:12:00	MET_GARDEN	1,00	 	90,00	 	-0,46	 	1,60	 	0,50	 
2022-01-15 09:13:00	MET_GARDEN	1,00	 	90,00	 	-0,46	 	1,60	 	0,50	 
2022-01-15 09:14:00	MET_GARDEN	1,10	 	90,00	 	-0,36	 	1,60	 	0,50	 
2022-01-15 09:15:00	MET_GARDEN	1,10	 	90,00	 	-0,36	 	1,60	 	0,50	 
2022-01-15 09:16:00	MET_GARDEN	1,20	 	90,00	 	-0,26	 	1,60	 	0,50	 
2022-01-15 09:17:00	MET_GARDEN	1,20	 	89,00	 	-0,41	 	1,60	 	0,50	 
2022-01-15 09:18:00	MET_GARDEN	1,30	 	89,00	 	-0,31	 	1,60	 	0,50	 
2022-01-15 09:19:00	MET_GARDEN	1,30	 	89,00	 	-0,31	 	1,60	 	0,50	 
2022-01-15 09:20:00	MET_GARDEN	1,40	 	89,00	 	-0,21	 	1,60	 	0,50	 
2022-01-15 09:21:00	MET_GARDEN	1,40	 	89,00	 	-0,21	 	1,60	 	0,50	 
2022-01-15 09:22:00	MET_GARDEN	1,40	 	88,00	 	-0,37	 	1,60	 	0,50	 
2022-01-15 09:23:00	MET_GARDEN	1,40	 	88,00	 	-0,37	 	1,60	 	0,50	 
2022-01-15 09:24:00	MET_GARDEN	1,40	 	88,00	 	-0,37	 	1,60	 	0,50	 
2022-01-15 09:25:00	MET_GARDEN	1,50	 	88,00	 	-0,27	 	1,60	 	0,50	 
2022-01-15 09:26:00	MET_GARDEN	1,50	 	88,00	 	-0,27	 	1,60	 	0,50	 
2022-01-15 09:27:00	MET_GARDEN	1,60	 	88,00	 	-0,17	 	1,60	 	0,50	 
2022-01-15 09:28:00	MET_GARDEN	1,60	 	88,00	 	-0,17	 	1,60	 	0,50	 
2022-01-15 09:29:00	MET_GARDEN	1,60	 	88,00	 	-0,17	 	1,60	 	0,50	 
2022-01-15 09:30:00	MET_GARDEN	1,70	 	88,00	 	-0,07	 	1,70	 	0,50	 
2022-01-15 09:31:00	MET_GARDEN	1,70	 	87,00	 	-0,23	 	1,70	 	0,50	 
2022-01-15 09:32:00	MET_GARDEN	1,80	 	87,00	 	-0,13	 	1,80	 	0,50	 
2022-01-15 09:33:00	MET_GARDEN	1,80	 	87,00	 	-0,13	 	1,80	 	0,50	 
2022-01-15 09:34:00	MET_GARDEN	1,90	 	87,00	 	-0,03	 	1,90	 	0,50	 
2022-01-15 09:35:00	MET_GARDEN	1,90	 	86,00	 	-0,19	 	1,90	 	0,50	 
2022-01-15 09:36:00	MET_GARDEN	2,00	 	85,00	 	-0,26	 	2,00	 	0,50	 
2022-01-15 09:37:00	MET_GARDEN	2,00	 	85,00	 	-0,26	 	2,00	 	0,50	 
2022-01-15 09:38:00	MET_GARDEN	2,10	 	84,00	 	-0,32	 	2,10	 	0,50	 
2022-01-15 09:39:00	MET_GARDEN	2,20	 	84,00	 	-0,22	 	2,20	 	0,50	 
2022-01-15 09:40:00	MET_GARDEN	2,30	 	84,00	 	-0,12	 	2,30	 	0,50	 
2022-01-15 09:41:00	MET_GARDEN	2,50	 	83,00	 	-0,09	 	2,50	 	0,50	 
2022-01-15 09:42:00	MET_GARDEN	2,60	 	81,00	 	-0,33	 	2,60	 	0,50	 
2022-01-15 09:43:00	MET_GARDEN	2,70	 	78,00	 	-0,75	 	2,70	 	0,50	 
2022-01-15 09:44:00	MET_GARDEN	2,80	 	76,00	 	-1,01	 	2,80	 	0,50	 
2022-01-15 09:45:00	MET_GARDEN	2,80	 	75,00	 	-1,19	 	2,80	 	0,50	 
2022-01-15 09:46:00	MET_GARDEN	2,90	 	75,00	 	-1,09	 	2,90	 	0,50	 
2022-01-15 09:47:00	MET_GARDEN	2,90	 	74,00	 	-1,28	 	2,90	 	0,50	 
2022-01-15 09:48:00	MET_GARDEN	3,00	 	72,00	 	-1,55	 	3,00	 	0,50	 
2022-01-15 09:49:00	MET_GARDEN	3,00	 	72,00	 	-1,55	 	3,00	 	0,50	 
2022-01-15 09:50:00	MET_GARDEN	3,10	 	73,00	 	-1,27	 	3,10	 	0,50	 
2022-01-15 09:51:00	MET_GARDEN	3,10	 	73,00	 	-1,27	 	3,10	 	0,50	 
2022-01-15 09:52:00	MET_GARDEN	3,10	 	72,00	 	-1,46	 	3,10	 	0,50	 
2022-01-15 09:53:00	MET_GARDEN	3,10	 	72,00	 	-1,46	 	3,10	 	0,50	 
2022-01-15 09:54:00	MET_GARDEN	3,00	 	72,00	 	-1,55	 	3,10	 	0,50	 
2022-01-15 09:55:00	MET_GARDEN	3,00	 	71,00	 	-1,74	 	3,10	 	0,50	 
2022-01-15 09:56:00	MET_GARDEN	3,00	 	71,00	 	-1,74	 	3,10	 	0,50	 
2022-01-15 09:57:00	MET_GARDEN	3,00	 	72,00	 	-1,55	 	3,10	 	0,50	 
2022-01-15 09:58:00	MET_GARDEN	2,90	 	72,00	 	-1,65	 	3,10	 	0,50	 
2022-01-15 09:59:00	MET_GARDEN	2,90	 	71,00	 	-1,84	 	3,10	 	0,50	 
2022-01-15 10:00:00	MET_GARDEN	2,90	 	71,00	 	-1,84	 	3,10	 	0,50	 
2022-01-15 10:01:00	MET_GARDEN	2,90	 	71,00	 	-1,84	 	3,10	 	0,50	 
2022-01-15 10:02:00	MET_GARDEN	2,90	 	71,00	 	-1,84	 	3,10	 	0,50	 
2022-01-15 10:03:00	MET_GARDEN	3,00	 	71,00	 	-1,74	 	3,10	 	0,50	 
2022-01-15 10:04:00	MET_GARDEN	2,90	 	71,00	 	-1,84	 	3,10	 	0,50	 
2022-01-15 10:05:00	MET_GARDEN	3,00	 	71,00	 	-1,74	 	3,10	 	0,50	 
2022-01-15 10:06:00	MET_GARDEN	3,00	 	71,00	 	-1,74	 	3,10	 	0,50	 
2022-01-15 10:07:00	MET_GARDEN	3,00	 	70,00	 	-1,94	 	3,10	 	0,50	 
2022-01-15 10:08:00	MET_GARDEN	3,10	 	70,00	 	-1,84	 	3,10	 	0,50	 
2022-01-15 10:09:00	MET_GARDEN	3,20	 	71,00	 	-1,55	 	3,20	 	0,50	 
2022-01-15 10:10:00	MET_GARDEN	3,20	 	70,00	 	-1,74	 	3,20	 	0,50	 
2022-01-15 10:11:00	MET_GARDEN	3,20	 	70,00	 	-1,74	 	3,20	 	0,50	 
2022-01-15 10:12:00	MET_GARDEN	3,20	 	70,00	 	-1,74	 	3,20	 	0,50	 
2022-01-15 10:13:00	MET_GARDEN	3,10	 	69,00	 	-2,04	 	3,20	 	0,50	 
2022-01-15 10:14:00	MET_GARDEN	3,20	 	70,00	 	-1,74	 	3,20	 	0,50	 
2022-01-15 10:15:00	MET_GARDEN	3,20	 	70,00	 	-1,74	 	3,20	 	0,50	 
2022-01-15 10:16:00	MET_GARDEN	3,30	 	71,00	 	-1,45	 	3,30	 	0,50	 
2022-01-15 10:17:00	MET_GARDEN	3,30	 	71,00	 	-1,45	 	3,30	 	0,50	 
2022-01-15 10:18:00	MET_GARDEN	3,20	 	69,00	 	-1,94	 	3,30	 	0,50	 
2022-01-15 10:19:00	MET_GARDEN	3,10	 	69,00	 	-2,04	 	3,30	 	0,50	 
2022-01-15 10:20:00	MET_GARDEN	3,10	 	70,00	 	-1,84	 	3,30	 	0,50	 
2022-01-15 10:21:00	MET_GARDEN	3,20	 	70,00	 	-1,74	 	3,30	 	0,50	 
2022-01-15 10:22:00	MET_GARDEN	3,20	 	70,00	 	-1,74	 	3,30	 	0,50	 
2022-01-15 10:23:00	MET_GARDEN	3,30	 	70,00	 	-1,65	 	3,30	 	0,50	 
2022-01-15 10:24:00	MET_GARDEN	3,40	 	71,00	 	-1,36	 	3,40	 	0,50	 
2022-01-15 10:25:00	MET_GARDEN	3,20	 	70,00	 	-1,74	 	3,40	 	0,50	 
2022-01-15 10:26:00	MET_GARDEN	3,10	 	70,00	 	-1,84	 	3,40	 	0,50	 
2022-01-15 10:27:00	MET_GARDEN	3,00	 	70,00	 	-1,94	 	3,40	 	0,50	 
2022-01-15 10:28:00	MET_GARDEN	3,00	 	70,00	 	-1,94	 	3,40	 	0,50	 
2022-01-15 10:29:00	MET_GARDEN	2,90	 	71,00	 	-1,84	 	3,40	 	0,50	 
2022-01-15 10:30:00	MET_GARDEN	2,90	 	71,00	 	-1,84	 	3,40	 	0,50	 
2022-01-15 10:31:00	MET_GARDEN	3,00	 	70,00	 	-1,94	 	3,40	 	0,50	 
2022-01-15 10:32:00	MET_GARDEN	3,00	 	70,00	 	-1,94	 	3,40	 	0,50	 
2022-01-15 10:33:00	MET_GARDEN	3,00	 	71,00	 	-1,74	 	3,40	 	0,50	 
2022-01-15 10:34:00	MET_GARDEN	3,00	 	71,00	 	-1,74	 	3,40	 	0,50	 
2022-01-15 10:35:00	MET_GARDEN	3,00	 	71,00	 	-1,74	 	3,40	 	0,50	 
2022-01-15 10:36:00	MET_GARDEN	2,90	 	71,00	 	-1,84	 	3,40	 	0,50	 
2022-01-15 10:37:00	MET_GARDEN	2,90	 	72,00	 	-1,65	 	3,40	 	0,50	 
2022-01-15 10:38:00	MET_GARDEN	2,80	 	71,00	 	-1,94	 	3,40	 	0,50	 
2022-01-15 10:39:00	MET_GARDEN	2,80	 	71,00	 	-1,94	 	3,40	 	0,50	 
2022-01-15 10:40:00	MET_GARDEN	2,80	 	71,00	 	-1,94	 	3,40	 	0,50	 
2022-01-15 10:41:00	MET_GARDEN	2,80	 	71,00	 	-1,94	 	3,40	 	0,50	 
2022-01-15 10:42:00	MET_GARDEN	2,80	 	72,00	 	-1,75	 	3,40	 	0,50	 
2022-01-15 10:43:00	MET_GARDEN	2,80	 	72,00	 	-1,75	 	3,40	 	0,50	 
2022-01-15 10:44:00	MET_GARDEN	2,80	 	72,00	 	-1,75	 	3,40	 	0,50	 
2022-01-15 10:45:00	MET_GARDEN	2,80	 	72,00	 	-1,75	 	3,40	 	0,50	 
2022-01-15 10:46:00	MET_GARDEN	2,90	 	73,00	 	-1,46	 	3,40	 	0,50	 
2022-01-15 10:47:00	MET_GARDEN	2,90	 	73,00	 	-1,46	 	3,40	 	0,50	 
2022-01-15 10:48:00	MET_GARDEN	3,00	 	72,00	 	-1,55	 	3,40	 	0,50	 
2022-01-15 10:49:00	MET_GARDEN	3,10	 	71,00	 	-1,65	 	3,40	 	0,50	 
2022-01-15 10:50:00	MET_GARDEN	3,30	 	71,00	 	-1,45	 	3,40	 	0,50	 
2022-01-15 10:51:00	MET_GARDEN	3,30	 	70,00	 	-1,65	 	3,40	 	0,50	 
2022-01-15 10:52:00	MET_GARDEN	3,50	 	70,00	 	-1,45	 	3,50	 	0,50	 
2022-01-15 10:53:00	MET_GARDEN	3,50	 	70,00	 	-1,45	 	3,50	 	0,50	 
2022-01-15 10:54:00	MET_GARDEN	3,60	 	70,00	 	-1,36	 	3,60	 	0,50	 
2022-01-15 10:55:00	MET_GARDEN	3,70	 	71,00	 	-1,07	 	3,70	 	0,50	 
2022-01-15 10:56:00	MET_GARDEN	3,80	 	71,00	 	-0,97	 	3,80	 	0,50	 
2022-01-15 10:57:00	MET_GARDEN	3,70	 	70,00	 	-1,26	 	3,80	 	0,50	 
2022-01-15 10:58:00	MET_GARDEN	3,50	 	69,00	 	-1,65	 	3,80	 	0,50	 
2022-01-15 10:59:00	MET_GARDEN	3,50	 	69,00	 	-1,65	 	3,80	 	0,50	 
2022-01-15 11:00:00	MET_GARDEN	3,40	 	69,00	 	-1,75	 	3,80	 	0,50	 
2022-01-15 11:01:00	MET_GARDEN	3,30	 	69,00	 	-1,84	 	3,80	 	0,50	 
2022-01-15 11:02:00	MET_GARDEN	3,30	 	69,00	 	-1,84	 	3,80	 	0,50	 
2022-01-15 11:03:00	MET_GARDEN	3,30	 	70,00	 	-1,65	 	3,80	 	0,50	 
2022-01-15 11:04:00	MET_GARDEN	3,30	 	69,00	 	-1,84	 	3,80	 	0,50	 
2022-01-15 11:05:00	MET_GARDEN	3,30	 	69,00	 	-1,84	 	3,80	 	0,50	 
2022-01-15 11:06:00	MET_GARDEN	3,30	 	69,00	 	-1,84	 	3,80	 	0,50	 
2022-01-15 11:07:00	MET_GARDEN	3,30	 	70,00	 	-1,65	 	3,80	 	0,50	 
2022-01-15 11:08:00	MET_GARDEN	3,30	 	69,00	 	-1,84	 	3,80	 	0,50	 
2022-01-15 11:09:00	MET_GARDEN	3,20	 	69,00	 	-1,94	 	3,80	 	0,50	 
2022-01-15 11:10:00	MET_GARDEN	3,30	 	70,00	 	-1,65	 	3,80	 	0,50	 
2022-01-15 11:11:00	MET_GARDEN	3,30	 	70,00	 	-1,65	 	3,80	 	0,50	 
2022-01-15 11:12:00	MET_GARDEN	3,30	 	70,00	 	-1,65	 	3,80	 	0,50	 
2022-01-15 11:13:00	MET_GARDEN	3,30	 	70,00	 	-1,65	 	3,80	 	0,50	 
2022-01-15 11:14:00	MET_GARDEN	3,30	 	70,00	 	-1,65	 	3,80	 	0,50	 
2022-01-15 11:15:00	MET_GARDEN	3,20	 	69,00	 	-1,94	 	3,80	 	0,50	 
2022-01-15 11:16:00	MET_GARDEN	3,10	 	69,00	 	-2,04	 	3,80	 	0,50	 
2022-01-15 11:17:00	MET_GARDEN	3,10	 	70,00	 	-1,84	 	3,80	 	0,50	 
2022-01-15 11:18:00	MET_GARDEN	3,20	 	70,00	 	-1,74	 	3,80	 	0,50	 
2022-01-15 11:19:00	MET_GARDEN	3,20	 	70,00	 	-1,74	 	3,80	 	0,50	 
2022-01-15 11:20:00	MET_GARDEN	3,20	 	71,00	 	-1,55	 	3,80	 	0,50	 
2022-01-15 11:21:00	MET_GARDEN	3,20	 	70,00	 	-1,74	 	3,80	 	0,50	 
2022-01-15 11:22:00	MET_GARDEN	3,30	 	70,00	 	-1,65	 	3,80	 	0,50	 
2022-01-15 11:23:00	MET_GARDEN	3,30	 	69,00	 	-1,84	 	3,80	 	0,50	 
2022-01-15 11:24:00	MET_GARDEN	3,20	 	69,00	 	-1,94	 	3,80	 	0,50	 
2022-01-15 11:25:00	MET_GARDEN	3,20	 	69,00	 	-1,94	 	3,80	 	0,50	 
2022-01-15 11:26:00	MET_GARDEN	3,20	 	70,00	 	-1,74	 	3,80	 	0,50	 
2022-01-15 11:27:00	MET_GARDEN	3,10	 	71,00	 	-1,65	 	3,80	 	0,50	 
2022-01-15 11:28:00	MET_GARDEN	3,10	 	71,00	 	-1,65	 	3,80	 	0,50	 
2022-01-15 11:29:00	MET_GARDEN	3,10	 	71,00	 	-1,65	 	3,80	 	0,50	 
2022-01-15 11:30:00	MET_GARDEN	3,10	 	71,00	 	-1,65	 	3,80	 	0,50	 
2022-01-15 11:31:00	MET_GARDEN	3,10	 	70,00	 	-1,84	 	3,80	 	0,50	 
2022-01-15 11:32:00	MET_GARDEN	3,00	 	70,00	 	-1,94	 	3,80	 	0,50	 
2022-01-15 11:33:00	MET_GARDEN	3,00	 	71,00	 	-1,74	 	3,80	 	0,50	 
2022-01-15 11:34:00	MET_GARDEN	3,00	 	71,00	 	-1,74	 	3,80	 	0,50	 
2022-01-15 11:35:00	MET_GARDEN	2,90	 	71,00	 	-1,84	 	3,80	 	0,50	 
2022-01-15 11:36:00	MET_GARDEN	3,00	 	71,00	 	-1,74	 	3,80	 	0,50	 
2022-01-15 11:37:00	MET_GARDEN	3,00	 	71,00	 	-1,74	 	3,80	 	0,50	 
2022-01-15 11:38:00	MET_GARDEN	3,00	 	71,00	 	-1,74	 	3,80	 	0,50	 
2022-01-15 11:39:00	MET_GARDEN	3,00	 	71,00	 	-1,74	 	3,80	 	0,50	 
2022-01-15 11:40:00	MET_GARDEN	3,00	 	71,00	 	-1,74	 	3,80	 	0,50	 
2022-01-15 11:41:00	MET_GARDEN	3,00	 	71,00	 	-1,74	 	3,80	 	0,50	 
2022-01-15 11:42:00	MET_GARDEN	3,00	 	72,00	 	-1,55	 	3,80	 	0,50	 
2022-01-15 11:43:00	MET_GARDEN	3,10	 	72,00	 	-1,46	 	3,80	 	0,50	 
2022-01-15 11:44:00	MET_GARDEN	3,10	 	71,00	 	-1,65	 	3,80	 	0,50	 
2022-01-15 11:45:00	MET_GARDEN	3,10	 	71,00	 	-1,65	 	3,80	 	0,50	 
2022-01-15 11:46:00	MET_GARDEN	3,10	 	71,00	 	-1,65	 	3,80	 	0,50	 
2022-01-15 11:47:00	MET_GARDEN	3,10	 	71,00	 	-1,65	 	3,80	 	0,50	 
2022-01-15 11:48:00	MET_GARDEN	3,00	 	70,00	 	-1,94	 	3,80	 	0,50	 
2022-01-15 11:49:00	MET_GARDEN	3,00	 	70,00	 	-1,94	 	3,80	 	0,50	 
2022-01-15 11:50:00	MET_GARDEN	3,00	 	69,00	 	-2,13	 	3,80	 	0,50	 
2022-01-15 11:51:00	MET_GARDEN	3,00	 	69,00	 	-2,13	 	3,80	 	0,50	 
2022-01-15 11:52:00	MET_GARDEN	3,00	 	69,00	 	-2,13	 	3,80	 	0,50	 
2022-01-15 11:53:00	MET_GARDEN	3,00	 	69,00	 	-2,13	 	3,80	 	0,50	 
2022-01-15 11:54:00	MET_GARDEN	3,00	 	69,00	 	-2,13	 	3,80	 	0,50	 
2022-01-15 11:55:00	MET_GARDEN	3,00	 	69,00	 	-2,13	 	3,80	 	0,50	 
2022-01-15 11:56:00	MET_GARDEN	3,10	 	70,00	 	-1,84	 	3,80	 	0,50	 
2022-01-15 11:57:00	MET_GARDEN	3,10	 	70,00	 	-1,84	 	3,80	 	0,50	 
2022-01-15 11:58:00	MET_GARDEN	3,00	 	69,00	 	-2,13	 	3,80	 	0,50	 
2022-01-15 11:59:00	MET_GARDEN	3,00	 	69,00	 	-2,13	 	3,80	 	0,50	 
2022-01-15 12:00:00	MET_GARDEN	3,00	 	69,00	 	-2,13	 	3,80	 	0,50	 
2022-01-15 12:01:00	MET_GARDEN	3,00	 	69,00	 	-2,13	 	3,80	 	0,50	 
2022-01-15 12:02:00	MET_GARDEN	3,00	 	69,00	 	-2,13	 	3,80	 	0,50	 
2022-01-15 12:03:00	MET_GARDEN	3,10	 	69,00	 	-2,04	 	3,80	 	0,50	 
2022-01-15 12:04:00	MET_GARDEN	3,20	 	70,00	 	-1,74	 	3,80	 	0,50	 
2022-01-15 12:05:00	MET_GARDEN	3,10	 	71,00	 	-1,65	 	3,80	 	0,50	 
2022-01-15 12:06:00	MET_GARDEN	3,10	 	70,00	 	-1,84	 	3,80	 	0,50	 
2022-01-15 12:07:00	MET_GARDEN	3,10	 	70,00	 	-1,84	 	3,80	 	0,50	 
2022-01-15 12:08:00	MET_GARDEN	3,10	 	71,00	 	-1,65	 	3,80	 	0,50	 
2022-01-15 12:09:00	MET_GARDEN	3,00	 	71,00	 	-1,74	 	3,80	 	0,50	 
2022-01-15 12:10:00	MET_GARDEN	3,00	 	70,00	 	-1,94	 	3,80	 	0,50	 
2022-01-15 12:11:00	MET_GARDEN	3,00	 	69,00	 	-2,13	 	3,80	 	0,50	 
2022-01-15 12:12:00	MET_GARDEN	3,00	 	69,00	 	-2,13	 	3,80	 	0,50	 
2022-01-15 12:13:00	MET_GARDEN	3,00	 	70,00	 	-1,94	 	3,80	 	0,50	 
2022-01-15 12:14:00	MET_GARDEN	3,00	 	70,00	 	-1,94	 	3,80	 	0,50	 
2022-01-15 12:15:00	MET_GARDEN	3,10	 	71,00	 	-1,65	 	3,80	 	0,50	 
2022-01-15 12:16:00	MET_GARDEN	3,10	 	72,00	 	-1,46	 	3,80	 	0,50	 
2022-01-15 12:17:00	MET_GARDEN	3,10	 	72,00	 	-1,46	 	3,80	 	0,50	 
2022-01-15 12:18:00	MET_GARDEN	3,10	 	72,00	 	-1,46	 	3,80	 	0,50	 
2022-01-15 12:19:00	MET_GARDEN	3,10	 	70,00	 	-1,84	 	3,80	 	0,50	 
2022-01-15 12:20:00	MET_GARDEN	3,10	 	71,00	 	-1,65	 	3,80	 	0,50	 
2022-01-15 12:21:00	MET_GARDEN	3,10	 	71,00	 	-1,65	 	3,80	 	0,50	 
2022-01-15 12:22:00	MET_GARDEN	3,10	 	71,00	 	-1,65	 	3,80	 	0,50	 
2022-01-15 12:23:00	MET_GARDEN	3,10	 	70,00	 	-1,84	 	3,80	 	0,50	 
2022-01-15 12:24:00	MET_GARDEN	3,10	 	70,00	 	-1,84	 	3,80	 	0,50	 
2022-01-15 12:25:00	MET_GARDEN	3,10	 	70,00	 	-1,84	 	3,80	 	0,50	 
2022-01-15 12:26:00	MET_GARDEN	3,10	 	70,00	 	-1,84	 	3,80	 	0,50	 
2022-01-15 12:27:00	MET_GARDEN	3,10	 	69,00	 	-2,04	 	3,80	 	0,50	 
2022-01-15 12:28:00	MET_GARDEN	3,00	 	69,00	 	-2,13	 	3,80	 	0,50	 
2022-01-15 12:29:00	MET_GARDEN	3,00	 	69,00	 	-2,13	 	3,80	 	0,50	 
2022-01-15 12:30:00	MET_GARDEN	3,00	 	69,00	 	-2,13	 	3,80	 	0,50	 
2022-01-15 12:31:00	MET_GARDEN	3,10	 	71,00	 	-1,65	 	3,80	 	0,50	 
2022-01-15 12:32:00	MET_GARDEN	3,10	 	71,00	 	-1,65	 	3,80	 	0,50	 
2022-01-15 12:33:00	MET_GARDEN	3,00	 	71,00	 	-1,74	 	3,80	 	0,50	 
2022-01-15 12:34:00	MET_GARDEN	3,00	 	71,00	 	-1,74	 	3,80	 	0,50	 
2022-01-15 12:35:00	MET_GARDEN	3,00	 	70,00	 	-1,94	 	3,80	 	0,50	 
2022-01-15 12:36:00	MET_GARDEN	2,90	 	69,00	 	-2,23	 	3,80	 	0,50	 
2022-01-15 12:37:00	MET_GARDEN	2,90	 	70,00	 	-2,03	 	3,80	 	0,50	 
2022-01-15 12:38:00	MET_GARDEN	2,90	 	70,00	 	-2,03	 	3,80	 	0,50	 
2022-01-15 12:39:00	MET_GARDEN	2,90	 	70,00	 	-2,03	 	3,80	 	0,50	 
2022-01-15 12:40:00	MET_GARDEN	2,90	 	70,00	 	-2,03	 	3,80	 	0,50	 
2022-01-15 12:41:00	MET_GARDEN	2,90	 	70,00	 	-2,03	 	3,80	 	0,50	 
2022-01-15 12:42:00	MET_GARDEN	2,90	 	70,00	 	-2,03	 	3,80	 	0,50	 
2022-01-15 12:43:00	MET_GARDEN	2,90	 	70,00	 	-2,03	 	3,80	 	0,50	 
2022-01-15 12:44:00	MET_GARDEN	2,90	 	70,00	 	-2,03	 	3,80	 	0,50	 
2022-01-15 12:45:00	MET_GARDEN	2,90	 	70,00	 	-2,03	 	3,80	 	0,50	 
2022-01-15 12:46:00	MET_GARDEN	2,90	 	70,00	 	-2,03	 	3,80	 	0,50	 
2022-01-15 12:47:00	MET_GARDEN	2,90	 	70,00	 	-2,03	 	3,80	 	0,50	 
2022-01-15 12:48:00	MET_GARDEN	2,90	 	70,00	 	-2,03	 	3,80	 	0,50	 
2022-01-15 12:49:00	MET_GARDEN	2,90	 	70,00	 	-2,03	 	3,80	 	0,50	 
2022-01-15 12:50:00	MET_GARDEN	2,90	 	70,00	 	-2,03	 	3,80	 	0,50	 
2022-01-15 12:51:00	MET_GARDEN	2,90	 	71,00	 	-1,84	 	3,80	 	0,50	 
2022-01-15 12:52:00	MET_GARDEN	2,90	 	71,00	 	-1,84	 	3,80	 	0,50	 
2022-01-15 12:53:00	MET_GARDEN	2,90	 	71,00	 	-1,84	 	3,80	 	0,50	 
2022-01-15 12:54:00	MET_GARDEN	2,90	 	71,00	 	-1,84	 	3,80	 	0,50	 
2022-01-15 12:55:00	MET_GARDEN	3,00	 	70,00	 	-1,94	 	3,80	 	0,50	 
2022-01-15 12:56:00	MET_GARDEN	3,00	 	70,00	 	-1,94	 	3,80	 	0,50	 
2022-01-15 12:57:00	MET_GARDEN	2,90	 	71,00	 	-1,84	 	3,80	 	0,50	 
2022-01-15 12:58:00	MET_GARDEN	2,90	 	71,00	 	-1,84	 	3,80	 	0,50	 
2022-01-15 12:59:00	MET_GARDEN	2,90	 	71,00	 	-1,84	 	3,80	 	0,50	 
2022-01-15 13:00:00	MET_GARDEN	2,90	 	71,00	 	-1,84	 	3,80	 	0,50	 
2022-01-15 13:01:00	MET_GARDEN	2,90	 	71,00	 	-1,84	 	3,80	 	0,50	 
2022-01-15 13:02:00	MET_GARDEN	3,00	 	70,00	 	-1,94	 	3,80	 	0,50	 
2022-01-15 13:03:00	MET_GARDEN	3,00	 	70,00	 	-1,94	 	3,80	 	0,50	 
2022-01-15 13:04:00	MET_GARDEN	3,00	 	70,00	 	-1,94	 	3,80	 	0,50	 
2022-01-15 13:05:00	MET_GARDEN	3,00	 	69,00	 	-2,13	 	3,80	 	0,50	 
2022-01-15 13:06:00	MET_GARDEN	3,10	 	69,00	 	-2,04	 	3,80	 	0,50	 
2022-01-15 13:07:00	MET_GARDEN	3,10	 	69,00	 	-2,04	 	3,80	 	0,50	 
2022-01-15 13:08:00	MET_GARDEN	3,00	 	68,00	 	-2,33	 	3,80	 	0,50	 
2022-01-15 13:09:00	MET_GARDEN	3,00	 	68,00	 	-2,33	 	3,80	 	0,50	 
2022-01-15 13:10:00	MET_GARDEN	3,00	 	68,00	 	-2,33	 	3,80	 	0,50	 
2022-01-15 13:11:00	MET_GARDEN	3,00	 	68,00	 	-2,33	 	3,80	 	0,50	 
2022-01-15 13:12:00	MET_GARDEN	3,00	 	68,00	 	-2,33	 	3,80	 	0,50	 
2022-01-15 13:13:00	MET_GARDEN	3,00	 	69,00	 	-2,13	 	3,80	 	0,50	 
2022-01-15 13:14:00	MET_GARDEN	3,00	 	69,00	 	-2,13	 	3,80	 	0,50	 
2022-01-15 13:15:00	MET_GARDEN	3,00	 	69,00	 	-2,13	 	3,80	 	0,50	 
2022-01-15 13:16:00	MET_GARDEN	3,00	 	68,00	 	-2,33	 	3,80	 	0,50	 
2022-01-15 13:17:00	MET_GARDEN	3,00	 	68,00	 	-2,33	 	3,80	 	0,50	 
2022-01-15 13:18:00	MET_GARDEN	3,00	 	68,00	 	-2,33	 	3,80	 	0,50	 
2022-01-15 13:19:00	MET_GARDEN	3,00	 	68,00	 	-2,33	 	3,80	 	0,50	 
2022-01-15 13:20:00	MET_GARDEN	3,00	 	69,00	 	-2,13	 	3,80	 	0,50	 
2022-01-15 13:21:00	MET_GARDEN	3,00	 	69,00	 	-2,13	 	3,80	 	0,50	 
2022-01-15 13:22:00	MET_GARDEN	2,90	 	69,00	 	-2,23	 	3,80	 	0,50	 
2022-01-15 13:23:00	MET_GARDEN	3,00	 	68,00	 	-2,33	 	3,80	 	0,50	 
2022-01-15 13:24:00	MET_GARDEN	3,00	 	68,00	 	-2,33	 	3,80	 	0,50	 
2022-01-15 13:25:00	MET_GARDEN	3,00	 	68,00	 	-2,33	 	3,80	 	0,50	 
2022-01-15 13:26:00	MET_GARDEN	3,00	 	68,00	 	-2,33	 	3,80	 	0,50	 
2022-01-15 13:27:00	MET_GARDEN	3,00	 	69,00	 	-2,13	 	3,80	 	0,50	 
2022-01-15 13:28:00	MET_GARDEN	3,00	 	69,00	 	-2,13	 	3,80	 	0,50	 
2022-01-15 13:29:00	MET_GARDEN	3,00	 	68,00	 	-2,33	 	3,80	 	0,50	 
2022-01-15 13:30:00	MET_GARDEN	3,00	 	69,00	 	-2,13	 	3,80	 	0,50	 
2022-01-15 13:31:00	MET_GARDEN	2,90	 	69,00	 	-2,23	 	3,80	 	0,50	 
2022-01-15 13:32:00	MET_GARDEN	2,90	 	69,00	 	-2,23	 	3,80	 	0,50	 
2022-01-15 13:33:00	MET_GARDEN	2,90	 	69,00	 	-2,23	 	3,80	 	0,50	 
2022-01-15 13:34:00	MET_GARDEN	3,00	 	68,00	 	-2,33	 	3,80	 	0,50	 
2022-01-15 13:35:00	MET_GARDEN	2,90	 	69,00	 	-2,23	 	3,80	 	0,50	 
2022-01-15 13:36:00	MET_GARDEN	2,90	 	68,00	 	-2,43	 	3,80	 	0,50	 
2022-01-15 13:37:00	MET_GARDEN	2,90	 	69,00	 	-2,23	 	3,80	 	0,50	 
2022-01-15 13:38:00	MET_GARDEN	2,90	 	68,00	 	-2,43	 	3,80	 	0,50	 
2022-01-15 13:39:00	MET_GARDEN	3,00	 	69,00	 	-2,13	 	3,80	 	0,50	 
2022-01-15 13:40:00	MET_GARDEN	3,00	 	68,00	 	-2,33	 	3,80	 	0,50	 
2022-01-15 13:41:00	MET_GARDEN	3,00	 	68,00	 	-2,33	 	3,80	 	0,50	 
2022-01-15 13:42:00	MET_GARDEN	3,10	 	68,00	 	-2,23	 	3,80	 	0,50	 
2022-01-15 13:43:00	MET_GARDEN	3,10	 	68,00	 	-2,23	 	3,80	 	0,50	 
2022-01-15 13:44:00	MET_GARDEN	3,30	 	67,00	 	-2,24	 	3,80	 	0,50	 
2022-01-15 13:45:00	MET_GARDEN	3,50	 	68,00	 	-1,85	 	3,80	 	0,50	 
2022-01-15 13:46:00	MET_GARDEN	3,60	 	69,00	 	-1,55	 	3,80	 	0,50	 
2022-01-15 13:47:00	MET_GARDEN	3,80	 	69,00	 	-1,36	 	3,80	 	0,50	 
2022-01-15 13:48:00	MET_GARDEN	3,90	 	69,00	 	-1,27	 	3,90	 	0,50	 
2022-01-15 13:49:00	MET_GARDEN	4,00	 	68,00	 	-1,37	 	4,00	 	0,50	 
2022-01-15 13:50:00	MET_GARDEN	4,10	 	68,00	 	-1,27	 	4,10	 	0,50	 
2022-01-15 13:51:00	MET_GARDEN	4,20	 	67,00	 	-1,38	 	4,20	 	0,50	 
2022-01-15 13:52:00	MET_GARDEN	4,30	 	67,00	 	-1,28	 	4,30	 	0,50	 
2022-01-15 13:53:00	MET_GARDEN	4,30	 	67,00	 	-1,28	 	4,30	 	0,50	 
2022-01-15 13:54:00	MET_GARDEN	4,20	 	66,00	 	-1,58	 	4,30	 	0,50	 
2022-01-15 13:55:00	MET_GARDEN	4,00	 	64,00	 	-2,19	 	4,30	 	0,50	 
2022-01-15 13:56:00	MET_GARDEN	3,90	 	64,00	 	-2,29	 	4,30	 	0,50	 
2022-01-15 13:57:00	MET_GARDEN	3,90	 	64,00	 	-2,29	 	4,30	 	0,50	 
2022-01-15 13:58:00	MET_GARDEN	4,10	 	64,00	 	-2,10	 	4,30	 	0,50	 
2022-01-15 13:59:00	MET_GARDEN	4,30	 	65,00	 	-1,70	 	4,30	 	0,50	 
2022-01-15 14:00:00	MET_GARDEN	4,40	 	64,00	 	-1,81	 	4,40	 	0,50	 
2022-01-15 14:01:00	MET_GARDEN	4,50	 	63,00	 	-1,93	 	4,50	 	0,50	 
2022-01-15 14:02:00	MET_GARDEN	4,50	 	63,00	 	-1,93	 	4,50	 	0,50	 
2022-01-15 14:03:00	MET_GARDEN	4,40	 	63,00	 	-2,03	 	4,50	 	0,50	 
2022-01-15 14:04:00	MET_GARDEN	4,30	 	64,00	 	-1,91	 	4,50	 	0,50	 
2022-01-15 14:05:00	MET_GARDEN	4,00	 	65,00	 	-1,98	 	4,50	 	0,50	 
2022-01-15 14:06:00	MET_GARDEN	3,80	 	66,00	 	-1,97	 	4,50	 	0,50	 
2022-01-15 14:07:00	MET_GARDEN	3,70	 	68,00	 	-1,66	 	4,50	 	0,50	 
2022-01-15 14:08:00	MET_GARDEN	3,70	 	67,00	 	-1,86	 	4,50	 	0,50	 
2022-01-15 14:09:00	MET_GARDEN	3,70	 	66,00	 	-2,06	 	4,50	 	0,50	 
2022-01-15 14:10:00	MET_GARDEN	3,70	 	66,00	 	-2,06	 	4,50	 	0,50	 
2022-01-15 14:11:00	MET_GARDEN	3,70	 	66,00	 	-2,06	 	4,50	 	0,50	 
2022-01-15 14:12:00	MET_GARDEN	3,70	 	66,00	 	-2,06	 	4,50	 	0,50	 
2022-01-15 14:13:00	MET_GARDEN	3,70	 	66,00	 	-2,06	 	4,50	 	0,50	 
2022-01-15 14:14:00	MET_GARDEN	3,70	 	67,00	 	-1,86	 	4,50	 	0,50	 
2022-01-15 14:15:00	MET_GARDEN	3,70	 	68,00	 	-1,66	 	4,50	 	0,50	 
2022-01-15 14:16:00	MET_GARDEN	3,80	 	68,00	 	-1,56	 	4,50	 	0,50	 
2022-01-15 14:17:00	MET_GARDEN	3,70	 	66,00	 	-2,06	 	4,50	 	0,50	 
2022-01-15 14:18:00	MET_GARDEN	3,60	 	65,00	 	-2,37	 	4,50	 	0,50	 
2022-01-15 14:19:00	MET_GARDEN	3,60	 	65,00	 	-2,37	 	4,50	 	0,50	 
2022-01-15 14:20:00	MET_GARDEN	3,70	 	65,00	 	-2,27	 	4,50	 	0,50	 
2022-01-15 14:21:00	MET_GARDEN	3,80	 	65,00	 	-2,17	 	4,50	 	0,50	 
2022-01-15 14:22:00	MET_GARDEN	3,80	 	65,00	 	-2,17	 	4,50	 	0,50	 
2022-01-15 14:23:00	MET_GARDEN	3,80	 	65,00	 	-2,17	 	4,50	 	0,50	 
2022-01-15 14:24:00	MET_GARDEN	3,80	 	64,00	 	-2,39	 	4,50	 	0,50	 
2022-01-15 14:25:00	MET_GARDEN	3,80	 	64,00	 	-2,39	 	4,50	 	0,50	 
2022-01-15 14:26:00	MET_GARDEN	3,80	 	64,00	 	-2,39	 	4,50	 	0,50	 
2022-01-15 14:27:00	MET_GARDEN	3,80	 	64,00	 	-2,39	 	4,50	 	0,50	 
2022-01-15 14:28:00	MET_GARDEN	3,90	 	65,00	 	-2,08	 	4,50	 	0,50	 
2022-01-15 14:29:00	MET_GARDEN	3,90	 	65,00	 	-2,08	 	4,50	 	0,50	 
2022-01-15 14:30:00	MET_GARDEN	3,90	 	64,00	 	-2,29	 	4,50	 	0,50	 
2022-01-15 14:31:00	MET_GARDEN	3,90	 	64,00	 	-2,29	 	4,50	 	0,50	 
2022-01-15 14:32:00	MET_GARDEN	3,90	 	64,00	 	-2,29	 	4,50	 	0,50	 
2022-01-15 14:33:00	MET_GARDEN	3,90	 	63,00	 	-2,50	 	4,50	 	0,50	 
2022-01-15 14:34:00	MET_GARDEN	4,00	 	63,00	 	-2,41	 	4,50	 	0,50	 
2022-01-15 14:35:00	MET_GARDEN	4,10	 	63,00	 	-2,31	 	4,50	 	0,50	 
2022-01-15 14:36:00	MET_GARDEN	4,20	 	63,00	 	-2,22	 	4,50	 	0,50	 
2022-01-15 14:37:00	MET_GARDEN	4,10	 	62,00	 	-2,53	 	4,50	 	0,50	 
2022-01-15 14:38:00	MET_GARDEN	4,00	 	62,00	 	-2,62	 	4,50	 	0,50	 
2022-01-15 14:39:00	MET_GARDEN	4,00	 	63,00	 	-2,41	 	4,50	 	0,50	 
2022-01-15 14:40:00	MET_GARDEN	4,00	 	63,00	 	-2,41	 	4,50	 	0,50	 
2022-01-15 14:41:00	MET_GARDEN	4,10	 	63,00	 	-2,31	 	4,50	 	0,50	 
2022-01-15 14:42:00	MET_GARDEN	4,20	 	63,00	 	-2,22	 	4,50	 	0,50	 
2022-01-15 14:43:00	MET_GARDEN	4,10	 	62,00	 	-2,53	 	4,50	 	0,50	 
2022-01-15 14:44:00	MET_GARDEN	3,90	 	62,00	 	-2,72	 	4,50	 	0,50	 
2022-01-15 14:45:00	MET_GARDEN	3,60	 	63,00	 	-2,79	 	4,50	 	0,50	 
2022-01-15 14:46:00	MET_GARDEN	3,50	 	63,00	 	-2,88	 	4,50	 	0,50	 
2022-01-15 14:47:00	MET_GARDEN	3,30	 	64,00	 	-2,86	 	4,50	 	0,50	 
2022-01-15 14:48:00	MET_GARDEN	3,20	 	64,00	 	-2,96	 	4,50	 	0,50	 
2022-01-15 14:49:00	MET_GARDEN	3,10	 	65,00	 	-2,84	 	4,50	 	0,50	 
2022-01-15 14:50:00	MET_GARDEN	3,00	 	66,00	 	-2,73	 	4,50	 	0,50	 
2022-01-15 14:51:00	MET_GARDEN	2,90	 	67,00	 	-2,63	 	4,50	 	0,50	 
2022-01-15 14:52:00	MET_GARDEN	2,90	 	67,00	 	-2,63	 	4,50	 	0,50	 
2022-01-15 14:53:00	MET_GARDEN	2,90	 	67,00	 	-2,63	 	4,50	 	0,50	 
2022-01-15 14:54:00	MET_GARDEN	2,90	 	67,00	 	-2,63	 	4,50	 	0,50	 
2022-01-15 14:55:00	MET_GARDEN	2,80	 	67,00	 	-2,72	 	4,50	 	0,50	 
2022-01-15 14:56:00	MET_GARDEN	2,80	 	68,00	 	-2,52	 	4,50	 	0,50	 
2022-01-15 14:57:00	MET_GARDEN	2,70	 	68,00	 	-2,62	 	4,50	 	0,50	 
2022-01-15 14:58:00	MET_GARDEN	2,70	 	68,00	 	-2,62	 	4,50	 	0,50	 
2022-01-15 14:59:00	MET_GARDEN	2,70	 	68,00	 	-2,62	 	4,50	 	0,50	 
2022-01-15 15:00:00	MET_GARDEN	2,70	 	68,00	 	-2,62	 	4,50	 	0,50	 
2022-01-15 15:01:00	MET_GARDEN	2,70	 	68,00	 	-2,62	 	4,50	 	0,50	 
2022-01-15 15:02:00	MET_GARDEN	2,60	 	68,00	 	-2,72	 	4,50	 	0,50	 
2022-01-15 15:03:00	MET_GARDEN	2,50	 	68,00	 	-2,81	 	4,50	 	0,50	 
2022-01-15 15:04:00	MET_GARDEN	2,50	 	68,00	 	-2,81	 	4,50	 	0,50	 
2022-01-15 15:05:00	MET_GARDEN	2,40	 	68,00	 	-2,91	 	4,50	 	0,50	 
2022-01-15 15:06:00	MET_GARDEN	2,40	 	69,00	 	-2,71	 	4,50	 	0,50	 
2022-01-15 15:07:00	MET_GARDEN	2,30	 	69,00	 	-2,81	 	4,50	 	0,50	 
2022-01-15 15:08:00	MET_GARDEN	2,30	 	69,00	 	-2,81	 	4,50	 	0,50	 
2022-01-15 15:09:00	MET_GARDEN	2,20	 	69,00	 	-2,90	 	4,50	 	0,50	 
2022-01-15 15:10:00	MET_GARDEN	2,10	 	70,00	 	-2,81	 	4,50	 	0,50	 
2022-01-15 15:11:00	MET_GARDEN	2,10	 	70,00	 	-2,81	 	4,50	 	0,50	 
2022-01-15 15:12:00	MET_GARDEN	2,10	 	71,00	 	-2,61	 	4,50	 	0,50	 
2022-01-15 15:13:00	MET_GARDEN	2,10	 	71,00	 	-2,61	 	4,50	 	0,50	 
2022-01-15 15:14:00	MET_GARDEN	2,10	 	71,00	 	-2,61	 	4,50	 	0,50	 
2022-01-15 15:15:00	MET_GARDEN	2,00	 	71,00	 	-2,71	 	4,50	 	0,50	 
2022-01-15 15:16:00	MET_GARDEN	2,00	 	72,00	 	-2,52	 	4,50	 	0,50	 
2022-01-15 15:17:00	MET_GARDEN	2,10	 	72,00	 	-2,42	 	4,50	 	0,50	 
2022-01-15 15:18:00	MET_GARDEN	2,10	 	71,00	 	-2,61	 	4,50	 	0,50	 
2022-01-15 15:19:00	MET_GARDEN	2,00	 	71,00	 	-2,71	 	4,50	 	0,50	 
2022-01-15 15:20:00	MET_GARDEN	1,90	 	71,00	 	-2,81	 	4,50	 	0,50	 
2022-01-15 15:21:00	MET_GARDEN	1,80	 	72,00	 	-2,71	 	4,50	 	0,50	 
2022-01-15 15:22:00	MET_GARDEN	1,80	 	72,00	 	-2,71	 	4,50	 	0,50	 
2022-01-15 15:23:00	MET_GARDEN	1,80	 	73,00	 	-2,53	 	4,50	 	0,50	 
2022-01-15 15:24:00	MET_GARDEN	1,90	 	73,00	 	-2,43	 	4,50	 	0,50	 
2022-01-15 15:25:00	MET_GARDEN	1,90	 	73,00	 	-2,43	 	4,50	 	0,50	 
2022-01-15 15:26:00	MET_GARDEN	1,90	 	72,00	 	-2,62	 	4,50	 	0,50	 
2022-01-15 15:27:00	MET_GARDEN	1,80	 	72,00	 	-2,71	 	4,50	 	0,50	 
2022-01-15 15:28:00	MET_GARDEN	1,70	 	72,00	 	-2,81	 	4,50	 	0,50	 
2022-01-15 15:29:00	MET_GARDEN	1,70	 	73,00	 	-2,62	 	4,50	 	0,50	 
2022-01-15 15:30:00	MET_GARDEN	1,70	 	73,00	 	-2,62	 	4,50	 	0,50	 
2022-01-15 15:31:00	MET_GARDEN	1,70	 	73,00	 	-2,62	 	4,50	 	0,50	 
2022-01-15 15:32:00	MET_GARDEN	1,60	 	73,00	 	-2,72	 	4,50	 	0,50	 
2022-01-15 15:33:00	MET_GARDEN	1,70	 	74,00	 	-2,44	 	4,50	 	0,50	 
2022-01-15 15:34:00	MET_GARDEN	1,80	 	74,00	 	-2,34	 	4,50	 	0,50	 
2022-01-15 15:35:00	MET_GARDEN	1,80	 	74,00	 	-2,34	 	4,50	 	0,50	 
2022-01-15 15:36:00	MET_GARDEN	1,80	 	73,00	 	-2,53	 	4,50	 	0,50	 
2022-01-15 15:37:00	MET_GARDEN	1,80	 	73,00	 	-2,53	 	4,50	 	0,50	 
2022-01-15 15:38:00	MET_GARDEN	1,70	 	73,00	 	-2,62	 	4,50	 	0,50	 
2022-01-15 15:39:00	MET_GARDEN	1,70	 	74,00	 	-2,44	 	4,50	 	0,50	 
2022-01-15 15:40:00	MET_GARDEN	1,60	 	74,00	 	-2,54	 	4,50	 	0,50	 
2022-01-15 15:41:00	MET_GARDEN	1,40	 	74,00	 	-2,73	 	4,50	 	0,50	 
2022-01-15 15:42:00	MET_GARDEN	1,40	 	75,00	 	-2,55	 	4,50	 	0,50	 
2022-01-15 15:43:00	MET_GARDEN	1,30	 	75,00	 	-2,65	 	4,50	 	0,50	 
2022-01-15 15:44:00	MET_GARDEN	1,30	 	75,00	 	-2,65	 	4,50	 	0,50	 
2022-01-15 15:45:00	MET_GARDEN	1,30	 	75,00	 	-2,65	 	4,50	 	0,50	 
2022-01-15 15:46:00	MET_GARDEN	1,20	 	75,00	 	-2,74	 	4,50	 	0,50	 
2022-01-15 15:47:00	MET_GARDEN	1,20	 	75,00	 	-2,74	 	4,50	 	0,50	 
2022-01-15 15:48:00	MET_GARDEN	1,20	 	75,00	 	-2,74	 	4,50	 	0,50	 
2022-01-15 15:49:00	MET_GARDEN	1,20	 	76,00	 	-2,57	 	4,50	 	0,50	 
2022-01-15 15:50:00	MET_GARDEN	1,20	 	76,00	 	-2,57	 	4,50	 	0,50	 
2022-01-15 15:51:00	MET_GARDEN	1,20	 	76,00	 	-2,57	 	4,50	 	0,50	 
2022-01-15 15:52:00	MET_GARDEN	1,20	 	76,00	 	-2,57	 	4,50	 	0,50	 
2022-01-15 15:53:00	MET_GARDEN	1,20	 	76,00	 	-2,57	 	4,50	 	0,50	 
2022-01-15 15:54:00	MET_GARDEN	1,20	 	76,00	 	-2,57	 	4,50	 	0,50	 
2022-01-15 15:55:00	MET_GARDEN	1,00	 	75,00	 	-2,94	 	4,50	 	0,50	 
2022-01-15 15:56:00	MET_GARDEN	0,70	 	75,00	 	-3,23	 	4,50	 	0,50	 
2022-01-15 15:57:00	MET_GARDEN	0,70	 	75,00	 	-3,23	 	4,50	 	0,50	 
2022-01-15 15:58:00	MET_GARDEN	0,80	 	76,00	 	-2,95	 	4,50	 	0,50	 
2022-01-15 15:59:00	MET_GARDEN	0,90	 	77,00	 	-2,68	 	4,50	 	0,50	 
2022-01-15 16:00:00	MET_GARDEN	1,00	 	77,00	 	-2,58	 	4,50	 	0,50	 
2022-01-15 16:01:00	MET_GARDEN	1,00	 	77,00	 	-2,58	 	4,50	 	0,50	 
2022-01-15 16:02:00	MET_GARDEN	1,10	 	76,00	 	-2,66	 	4,50	 	0,50	 
2022-01-15 16:03:00	MET_GARDEN	1,10	 	76,00	 	-2,66	 	4,50	 	0,50	 
2022-01-15 16:04:00	MET_GARDEN	1,00	 	76,00	 	-2,76	 	4,50	 	0,50	 
2022-01-15 16:05:00	MET_GARDEN	1,00	 	76,00	 	-2,76	 	4,50	 	0,50	 
2022-01-15 16:06:00	MET_GARDEN	1,00	 	76,00	 	-2,76	 	4,50	 	0,50	 
2022-01-15 16:07:00	MET_GARDEN	1,00	 	76,00	 	-2,76	 	4,50	 	0,50	 
2022-01-15 16:08:00	MET_GARDEN	0,90	 	76,00	 	-2,86	 	4,50	 	0,50	 
2022-01-15 16:09:00	MET_GARDEN	1,00	 	77,00	 	-2,58	 	4,50	 	0,50	 
2022-01-15 16:10:00	MET_GARDEN	1,00	 	77,00	 	-2,58	 	4,50	 	0,50	 
2022-01-15 16:11:00	MET_GARDEN	1,00	 	77,00	 	-2,58	 	4,50	 	0,50	 
2022-01-15 16:12:00	MET_GARDEN	1,10	 	77,00	 	-2,49	 	4,50	 	0,50	 
2022-01-15 16:13:00	MET_GARDEN	1,10	 	77,00	 	-2,49	 	4,50	 	0,50	 
2022-01-15 16:14:00	MET_GARDEN	1,10	 	77,00	 	-2,49	 	4,50	 	0,50	 
2022-01-15 16:15:00	MET_GARDEN	1,10	 	77,00	 	-2,49	 	4,50	 	0,50	 
2022-01-15 16:16:00	MET_GARDEN	1,10	 	77,00	 	-2,49	 	4,50	 	0,50	 
2022-01-15 16:17:00	MET_GARDEN	1,10	 	77,00	 	-2,49	 	4,50	 	0,50	 
2022-01-15 16:18:00	MET_GARDEN	1,10	 	77,00	 	-2,49	 	4,50	 	0,50	 
2022-01-15 16:19:00	MET_GARDEN	1,00	 	77,00	 	-2,58	 	4,50	 	0,50	 
2022-01-15 16:20:00	MET_GARDEN	1,00	 	77,00	 	-2,58	 	4,50	 	0,50	 
2022-01-15 16:21:00	MET_GARDEN	1,00	 	77,00	 	-2,58	 	4,50	 	0,50	 
2022-01-15 16:22:00	MET_GARDEN	1,10	 	77,00	 	-2,49	 	4,50	 	0,50	 
2022-01-15 16:23:00	MET_GARDEN	1,10	 	77,00	 	-2,49	 	4,50	 	0,50	 
2022-01-15 16:24:00	MET_GARDEN	1,10	 	77,00	 	-2,49	 	4,50	 	0,50	 
2022-01-15 16:25:00	MET_GARDEN	1,10	 	77,00	 	-2,49	 	4,50	 	0,50	 
2022-01-15 16:26:00	MET_GARDEN	1,20	 	77,00	 	-2,39	 	4,50	 	0,50	 
2022-01-15 16:27:00	MET_GARDEN	1,30	 	77,00	 	-2,29	 	4,50	 	1,30	 
2022-01-15 16:28:00	MET_GARDEN	1,30	 	76,00	 	-2,47	 	4,50	 	1,30	 
2022-01-15 16:29:00	MET_GARDEN	1,30	 	76,00	 	-2,47	 	4,50	 	1,30	 
2022-01-15 16:30:00	MET_GARDEN	1,30	 	76,00	 	-2,47	 	4,50	 	1,30	 
2022-01-15 16:31:00	MET_GARDEN	1,30	 	76,00	 	-2,47	 	4,50	 	1,30	 
2022-01-15 16:32:00	MET_GARDEN	1,30	 	76,00	 	-2,47	 	4,50	 	1,20	 
2022-01-15 16:33:00	MET_GARDEN	1,20	 	75,00	 	-2,74	 	4,50	 	1,10	 
2022-01-15 16:34:00	MET_GARDEN	1,10	 	76,00	 	-2,66	 	4,50	 	1,10	 
2022-01-15 16:35:00	MET_GARDEN	1,20	 	76,00	 	-2,57	 	4,50	 	1,10	 
2022-01-15 16:36:00	MET_GARDEN	1,20	 	76,00	 	-2,57	 	4,50	 	1,10	 
2022-01-15 16:37:00	MET_GARDEN	1,20	 	76,00	 	-2,57	 	4,50	 	1,10	 
2022-01-15 16:38:00	MET_GARDEN	1,10	 	76,00	 	-2,66	 	4,50	 	1,10	 
2022-01-15 16:39:00	MET_GARDEN	1,10	 	76,00	 	-2,66	 	4,50	 	1,00	 
2022-01-15 16:40:00	MET_GARDEN	1,00	 	76,00	 	-2,76	 	4,50	 	1,00	 
2022-01-15 16:41:00	MET_GARDEN	1,00	 	77,00	 	-2,58	 	4,50	 	1,00	 
2022-01-15 16:42:00	MET_GARDEN	1,00	 	77,00	 	-2,58	 	4,50	 	1,00	 
2022-01-15 16:43:00	MET_GARDEN	1,10	 	77,00	 	-2,49	 	4,50	 	1,00	 
2022-01-15 16:44:00	MET_GARDEN	1,20	 	77,00	 	-2,39	 	4,50	 	1,00	 
2022-01-15 16:45:00	MET_GARDEN	1,20	 	77,00	 	-2,39	 	4,50	 	1,00	 
2022-01-15 16:46:00	MET_GARDEN	1,20	 	76,00	 	-2,57	 	4,50	 	1,00	 
2022-01-15 16:47:00	MET_GARDEN	1,10	 	76,00	 	-2,66	 	4,50	 	1,00	 
2022-01-15 16:48:00	MET_GARDEN	1,10	 	76,00	 	-2,66	 	4,50	 	1,00	 
2022-01-15 16:49:00	MET_GARDEN	1,10	 	76,00	 	-2,66	 	4,50	 	1,00	 
2022-01-15 16:50:00	MET_GARDEN	1,10	 	76,00	 	-2,66	 	4,50	 	1,00	 
2022-01-15 16:51:00	MET_GARDEN	1,10	 	76,00	 	-2,66	 	4,50	 	1,00	 
2022-01-15 16:52:00	MET_GARDEN	1,00	 	76,00	 	-2,76	 	4,50	 	1,00	 
2022-01-15 16:53:00	MET_GARDEN	1,00	 	77,00	 	-2,58	 	4,50	 	0,90	 
2022-01-15 16:54:00	MET_GARDEN	0,90	 	77,00	 	-2,68	 	4,50	 	0,90	 
2022-01-15 16:55:00	MET_GARDEN	0,90	 	77,00	 	-2,68	 	4,50	 	0,80	 
2022-01-15 16:56:00	MET_GARDEN	0,80	 	77,00	 	-2,78	 	4,50	 	0,80	 
2022-01-15 16:57:00	MET_GARDEN	0,80	 	77,00	 	-2,78	 	4,50	 	0,80	 
2022-01-15 16:58:00	MET_GARDEN	0,80	 	77,00	 	-2,78	 	4,50	 	0,80	 
2022-01-15 16:59:00	MET_GARDEN	0,90	 	78,00	 	-2,51	 	4,50	 	0,80	 
2022-01-15 17:00:00	MET_GARDEN	0,80	 	77,00	 	-2,78	 	4,50	 	0,70	 
2022-01-15 17:01:00	MET_GARDEN	0,70	 	77,00	 	-2,88	 	4,50	 	0,70	 
2022-01-15 17:02:00	MET_GARDEN	0,70	 	77,00	 	-2,88	 	4,50	 	0,60	 
2022-01-15 17:03:00	MET_GARDEN	0,60	 	77,00	 	-2,97	 	4,50	 	0,60	 
2022-01-15 17:04:00	MET_GARDEN	0,60	 	78,00	 	-2,80	 	4,50	 	0,50	 
2022-01-15 17:05:00	MET_GARDEN	0,50	 	78,00	 	-2,90	 	4,50	 	0,40	 
2022-01-15 17:06:00	MET_GARDEN	0,40	 	78,00	 	-2,99	 	4,50	 	0,40	 
2022-01-15 17:07:00	MET_GARDEN	0,40	 	78,00	 	-2,99	 	4,50	 	0,30	 
2022-01-15 17:08:00	MET_GARDEN	0,30	 	78,00	 	-3,09	 	4,50	 	0,30	 
2022-01-15 17:09:00	MET_GARDEN	0,30	 	79,00	 	-2,92	 	4,50	 	0,30	 
2022-01-15 17:10:00	MET_GARDEN	0,30	 	79,00	 	-2,92	 	4,50	 	0,30	 
2022-01-15 17:11:00	MET_GARDEN	0,30	 	79,00	 	-2,92	 	4,50	 	0,20	 
2022-01-15 17:12:00	MET_GARDEN	0,20	 	79,00	 	-3,02	 	4,50	 	0,10	 
2022-01-15 17:13:00	MET_GARDEN	0,10	 	79,00	 	-3,11	 	4,50	 	0,10	 
2022-01-15 17:14:00	MET_GARDEN	0,10	 	79,00	 	-3,11	 	4,50	 	0,00	 
2022-01-15 17:15:00	MET_GARDEN	0,00	 	79,00	 	-3,21	 	4,50	 	0,00	 
2022-01-15 17:16:00	MET_GARDEN	0,00	 	80,00	 	-3,04	 	4,50	 	0,00	 
2022-01-15 17:17:00	MET_GARDEN	0,00	 	80,00	 	-3,04	 	4,50	 	0,00	 
2022-01-15 17:18:00	MET_GARDEN	0,00	 	80,00	 	-3,04	 	4,50	 	-0,10	 
2022-01-15 17:19:00	MET_GARDEN	-0,10	 	80,00	 	-3,14	 	4,50	 	-0,20	 
2022-01-15 17:20:00	MET_GARDEN	-0,20	 	80,00	 	-2,92	 	4,50	 	-0,20	 
2022-01-15 17:21:00	MET_GARDEN	-0,20	 	81,00	 	-2,77	 	4,50	 	-0,30	 
2022-01-15 17:22:00	MET_GARDEN	-0,30	 	81,00	 	-2,86	 	4,50	 	-0,30	 
2022-01-15 17:23:00	MET_GARDEN	-0,30	 	81,00	 	-2,86	 	4,50	 	-0,30	 
2022-01-15 17:24:00	MET_GARDEN	-0,30	 	81,00	 	-2,86	 	4,50	 	-0,30	 
2022-01-15 17:25:00	MET_GARDEN	-0,30	 	82,00	 	-2,72	 	4,50	 	-0,30	 
2022-01-15 17:26:00	MET_GARDEN	-0,30	 	82,00	 	-2,72	 	4,50	 	-0,30	 
2022-01-15 17:27:00	MET_GARDEN	-0,30	 	82,00	 	-2,72	 	4,50	 	-0,30	 
2022-01-15 17:28:00	MET_GARDEN	-0,30	 	82,00	 	-2,72	 	4,50	 	-0,40	 
2022-01-15 17:29:00	MET_GARDEN	-0,40	 	82,00	 	-2,81	 	4,50	 	-0,40	 
2022-01-15 17:30:00	MET_GARDEN	-0,40	 	82,00	 	-2,81	 	4,50	 	-0,40	 
2022-01-15 17:31:00	MET_GARDEN	-0,40	 	82,00	 	-2,81	 	4,50	 	-0,40	 
2022-01-15 17:32:00	MET_GARDEN	-0,40	 	83,00	 	-2,67	 	4,50	 	-0,40	 
2022-01-15 17:33:00	MET_GARDEN	-0,30	 	83,00	 	-2,57	 	4,50	 	-0,40	 
2022-01-15 17:34:00	MET_GARDEN	-0,30	 	83,00	 	-2,57	 	4,50	 	-0,40	 
2022-01-15 17:35:00	MET_GARDEN	-0,20	 	83,00	 	-2,47	 	4,50	 	-0,40	 
2022-01-15 17:36:00	MET_GARDEN	-0,20	 	83,00	 	-2,47	 	4,50	 	-0,40	 
2022-01-15 17:37:00	MET_GARDEN	-0,10	 	82,00	 	-2,81	 	4,50	 	-0,40	 
2022-01-15 17:38:00	MET_GARDEN	-0,20	 	82,00	 	-2,62	 	4,50	 	-0,40	 
2022-01-15 17:39:00	MET_GARDEN	-0,20	 	82,00	 	-2,62	 	4,50	 	-0,40	 
2022-01-15 17:40:00	MET_GARDEN	-0,10	 	82,00	 	-2,81	 	4,50	 	-0,40	 
2022-01-15 17:41:00	MET_GARDEN	-0,10	 	82,00	 	-2,81	 	4,50	 	-0,40	 
2022-01-15 17:42:00	MET_GARDEN	0,00	 	82,00	 	-2,71	 	4,50	 	-0,40	 
2022-01-15 17:43:00	MET_GARDEN	0,00	 	82,00	 	-2,71	 	4,50	 	-0,40	 
2022-01-15 17:44:00	MET_GARDEN	0,00	 	81,00	 	-2,88	 	4,50	 	-0,40	 
2022-01-15 17:45:00	MET_GARDEN	0,10	 	81,00	 	-2,78	 	4,50	 	-0,40	 
2022-01-15 17:46:00	MET_GARDEN	0,00	 	81,00	 	-2,88	 	4,50	 	-0,40	 
2022-01-15 17:47:00	MET_GARDEN	0,00	 	81,00	 	-2,88	 	4,50	 	-0,40	 
2022-01-15 17:48:00	MET_GARDEN	0,10	 	81,00	 	-2,78	 	4,50	 	-0,40	 
2022-01-15 17:49:00	MET_GARDEN	0,00	 	81,00	 	-2,88	 	4,50	 	-0,40	 
2022-01-15 17:50:00	MET_GARDEN	0,00	 	80,00	 	-3,04	 	4,50	 	-0,40	 
2022-01-15 17:51:00	MET_GARDEN	0,00	 	80,00	 	-3,04	 	4,50	 	-0,40	 
2022-01-15 17:52:00	MET_GARDEN	-0,10	 	81,00	 	-2,97	 	4,50	 	-0,40	 
2022-01-15 17:53:00	MET_GARDEN	-0,10	 	81,00	 	-2,97	 	4,50	 	-0,40	 
2022-01-15 17:54:00	MET_GARDEN	-0,10	 	81,00	 	-2,97	 	4,50	 	-0,40	 
2022-01-15 17:55:00	MET_GARDEN	-0,10	 	81,00	 	-2,97	 	4,50	 	-0,40	 
2022-01-15 17:56:00	MET_GARDEN	-0,20	 	81,00	 	-2,77	 	4,50	 	-0,40	 
2022-01-15 17:57:00	MET_GARDEN	-0,30	 	81,00	 	-2,86	 	4,50	 	-0,40	 
2022-01-15 17:58:00	MET_GARDEN	-0,30	 	81,00	 	-2,86	 	4,50	 	-0,40	 
2022-01-15 17:59:00	MET_GARDEN	-0,30	 	81,00	 	-2,86	 	4,50	 	-0,40	 
2022-01-15 18:00:00	MET_GARDEN	-0,30	 	82,00	 	-2,72	 	4,50	 	-0,40	 
2022-01-15 18:01:00	MET_GARDEN	-0,30	 	82,00	 	-2,72	 	4,50	 	-0,50	 
2022-01-15 18:02:00	MET_GARDEN	-0,50	 	81,00	 	-3,06	 	4,50	 	-0,50	 
2022-01-15 18:03:00	MET_GARDEN	-0,50	 	81,00	 	-3,06	 	4,50	 	-0,70	 
2022-01-15 18:04:00	MET_GARDEN	-0,70	 	81,00	 	-3,26	 	4,50	 	-0,70	 
2022-01-15 18:05:00	MET_GARDEN	-0,70	 	81,00	 	-3,26	 	4,50	 	-0,70	 
2022-01-15 18:06:00	MET_GARDEN	-0,70	 	82,00	 	-3,11	 	4,50	 	-0,80	 
2022-01-15 18:07:00	MET_GARDEN	-0,80	 	82,00	 	-3,21	 	4,50	 	-0,90	 
2022-01-15 18:08:00	MET_GARDEN	-0,90	 	82,00	 	-3,31	 	4,50	 	-0,90	 
2022-01-15 18:09:00	MET_GARDEN	-0,90	 	83,00	 	-3,16	 	4,50	 	-1,00	 
2022-01-15 18:10:00	MET_GARDEN	-1,00	 	83,00	 	-3,26	 	4,50	 	-1,00	 
2022-01-15 18:11:00	MET_GARDEN	-1,00	 	83,00	 	-3,26	 	4,50	 	-1,00	 
2022-01-15 18:12:00	MET_GARDEN	-1,00	 	83,00	 	-3,26	 	4,50	 	-1,10	 
2022-01-15 18:13:00	MET_GARDEN	-1,10	 	83,00	 	-3,36	 	4,50	 	-1,20	 
2022-01-15 18:14:00	MET_GARDEN	-1,20	 	83,00	 	-3,46	 	4,50	 	-1,30	 
2022-01-15 18:15:00	MET_GARDEN	-1,30	 	83,00	 	-3,55	 	4,50	 	-1,30	 
2022-01-15 18:16:00	MET_GARDEN	-1,20	 	84,00	 	-3,31	 	4,50	 	-1,30	 
2022-01-15 18:17:00	MET_GARDEN	-1,20	 	84,00	 	-3,31	 	4,50	 	-1,30	 
2022-01-15 18:18:00	MET_GARDEN	-1,30	 	85,00	 	-3,27	 	4,50	 	-1,40	 
2022-01-15 18:19:00	MET_GARDEN	-1,40	 	85,00	 	-3,37	 	4,50	 	-1,40	 
2022-01-15 18:20:00	MET_GARDEN	-1,40	 	85,00	 	-3,37	 	4,50	 	-1,40	 
2022-01-15 18:21:00	MET_GARDEN	-1,30	 	86,00	 	-3,13	 	4,50	 	-1,40	 
2022-01-15 18:22:00	MET_GARDEN	-1,20	 	86,00	 	-3,03	 	4,50	 	-1,40	 
2022-01-15 18:23:00	MET_GARDEN	-1,20	 	86,00	 	-3,03	 	4,50	 	-1,40	 
2022-01-15 18:24:00	MET_GARDEN	-1,20	 	86,00	 	-3,03	 	4,50	 	-1,40	 
2022-01-15 18:25:00	MET_GARDEN	-1,30	 	86,00	 	-3,13	 	4,50	 	-1,40	 
2022-01-15 18:26:00	MET_GARDEN	-1,20	 	86,00	 	-3,03	 	4,50	 	-1,40	 
2022-01-15 18:27:00	MET_GARDEN	-1,20	 	86,00	 	-3,03	 	4,50	 	-1,40	 
2022-01-15 18:28:00	MET_GARDEN	-1,00	 	86,00	 	-2,83	 	4,50	 	-1,40	 
2022-01-15 18:29:00	MET_GARDEN	-0,90	 	87,00	 	-2,59	 	4,50	 	-1,40	 
2022-01-15 18:30:00	MET_GARDEN	-0,90	 	86,00	 	-2,73	 	4,50	 	-1,40	 
2022-01-15 18:31:00	MET_GARDEN	-1,10	 	85,00	 	-3,07	 	4,50	 	-1,40	 
2022-01-15 18:32:00	MET_GARDEN	-1,20	 	85,00	 	-3,17	 	4,50	 	-1,40	 
2022-01-15 18:33:00	MET_GARDEN	-1,20	 	85,00	 	-3,17	 	4,50	 	-1,40	 
2022-01-15 18:34:00	MET_GARDEN	-1,20	 	86,00	 	-3,03	 	4,50	 	-1,40	 
2022-01-15 18:35:00	MET_GARDEN	-1,40	 	85,00	 	-3,37	 	4,50	 	-1,40	 
2022-01-15 18:36:00	MET_GARDEN	-1,40	 	85,00	 	-3,37	 	4,50	 	-1,40	 
2022-01-15 18:37:00	MET_GARDEN	-1,40	 	86,00	 	-3,23	 	4,50	 	-1,50	 
2022-01-15 18:38:00	MET_GARDEN	-1,50	 	86,00	 	-3,32	 	4,50	 	-1,50	 
2022-01-15 18:39:00	MET_GARDEN	-1,40	 	86,00	 	-3,23	 	4,50	 	-1,50	 
2022-01-15 18:40:00	MET_GARDEN	-1,40	 	86,00	 	-3,23	 	4,50	 	-1,50	 
2022-01-15 18:41:00	MET_GARDEN	-1,40	 	87,00	 	-3,09	 	4,50	 	-1,50	 
2022-01-15 18:42:00	MET_GARDEN	-1,30	 	87,00	 	-2,99	 	4,50	 	-1,50	 
2022-01-15 18:43:00	MET_GARDEN	-1,20	 	87,00	 	-2,89	 	4,50	 	-1,50	 
2022-01-15 18:44:00	MET_GARDEN	-1,10	 	88,00	 	-2,65	 	4,50	 	-1,50	 
2022-01-15 18:45:00	MET_GARDEN	-1,00	 	88,00	 	-2,55	 	4,50	 	-1,50	 
2022-01-15 18:46:00	MET_GARDEN	-0,90	 	88,00	 	-2,45	 	4,50	 	-1,50	 
2022-01-15 18:47:00	MET_GARDEN	-0,80	 	87,00	 	-2,49	 	4,50	 	-1,50	 
2022-01-15 18:48:00	MET_GARDEN	-0,80	 	87,00	 	-2,49	 	4,50	 	-1,50	 
2022-01-15 18:49:00	MET_GARDEN	-0,80	 	87,00	 	-2,49	 	4,50	 	-1,50	 
2022-01-15 18:50:00	MET_GARDEN	-0,70	 	86,00	 	-2,53	 	4,50	 	-1,50	 
2022-01-15 18:51:00	MET_GARDEN	-0,70	 	86,00	 	-2,53	 	4,50	 	-1,50	 
2022-01-15 18:52:00	MET_GARDEN	-0,60	 	86,00	 	-2,44	 	4,50	 	-1,50	 
2022-01-15 18:53:00	MET_GARDEN	-0,50	 	86,00	 	-2,34	 	4,50	 	-1,50	 
2022-01-15 18:54:00	MET_GARDEN	-0,50	 	86,00	 	-2,34	 	4,50	 	-1,50	 
2022-01-15 18:55:00	MET_GARDEN	-0,40	 	86,00	 	-2,24	 	4,50	 	-1,50	 
2022-01-15 18:56:00	MET_GARDEN	-0,30	 	86,00	 	-2,14	 	4,50	 	-1,50	 
2022-01-15 18:57:00	MET_GARDEN	-0,30	 	85,00	 	-2,28	 	4,50	 	-1,50	 
2022-01-15 18:58:00	MET_GARDEN	-0,30	 	85,00	 	-2,28	 	4,50	 	-1,50	 
2022-01-15 18:59:00	MET_GARDEN	-0,30	 	84,00	 	-2,43	 	4,50	 	-1,50	 
2022-01-15 19:00:00	MET_GARDEN	-0,20	 	84,00	 	-2,33	 	4,50	 	-1,50	 
2022-01-15 19:01:00	MET_GARDEN	-0,20	 	84,00	 	-2,33	 	4,50	 	-1,50	 
2022-01-15 19:02:00	MET_GARDEN	-0,10	 	84,00	 	-2,48	 	4,50	 	-1,50	 
2022-01-15 19:03:00	MET_GARDEN	-0,10	 	84,00	 	-2,48	 	4,50	 	-1,50	 
2022-01-15 19:04:00	MET_GARDEN	-0,10	 	84,00	 	-2,48	 	4,50	 	-1,50	 
2022-01-15 19:05:00	MET_GARDEN	-0,10	 	84,00	 	-2,48	 	4,50	 	-1,50	 
2022-01-15 19:06:00	MET_GARDEN	-0,10	 	84,00	 	-2,48	 	4,50	 	-1,50	 
2022-01-15 19:07:00	MET_GARDEN	-0,10	 	84,00	 	-2,48	 	4,50	 	-1,50	 
2022-01-15 19:08:00	MET_GARDEN	-0,10	 	84,00	 	-2,48	 	4,50	 	-1,50	 
2022-01-15 19:09:00	MET_GARDEN	-0,10	 	84,00	 	-2,48	 	4,50	 	-1,50	 
2022-01-15 19:10:00	MET_GARDEN	-0,10	 	84,00	 	-2,48	 	4,50	 	-1,50	 
2022-01-15 19:11:00	MET_GARDEN	-0,10	 	84,00	 	-2,48	 	4,50	 	-1,50	 
2022-01-15 19:12:00	MET_GARDEN	-0,10	 	84,00	 	-2,48	 	4,50	 	-1,50	 
2022-01-15 19:13:00	MET_GARDEN	-0,20	 	84,00	 	-2,33	 	4,50	 	-1,50	 
2022-01-15 19:14:00	MET_GARDEN	-0,20	 	84,00	 	-2,33	 	4,50	 	-1,50	 
2022-01-15 19:15:00	MET_GARDEN	-0,30	 	83,00	 	-2,57	 	4,50	 	-1,50	 
2022-01-15 19:16:00	MET_GARDEN	-0,40	 	83,00	 	-2,67	 	4,50	 	-1,50	 
2022-01-15 19:17:00	MET_GARDEN	-0,50	 	83,00	 	-2,77	 	4,50	 	-1,50	 
2022-01-15 19:18:00	MET_GARDEN	-0,50	 	84,00	 	-2,62	 	4,50	 	-1,50	 
2022-01-15 19:19:00	MET_GARDEN	-0,50	 	84,00	 	-2,62	 	4,50	 	-1,50	 
2022-01-15 19:20:00	MET_GARDEN	-0,60	 	84,00	 	-2,72	 	4,50	 	-1,50	 
2022-01-15 19:21:00	MET_GARDEN	-0,60	 	84,00	 	-2,72	 	4,50	 	-1,50	 
2022-01-15 19:22:00	MET_GARDEN	-0,60	 	84,00	 	-2,72	 	4,50	 	-1,50	 
2022-01-15 19:23:00	MET_GARDEN	-0,50	 	84,00	 	-2,62	 	4,50	 	-1,50	 
2022-01-15 19:24:00	MET_GARDEN	-0,50	 	85,00	 	-2,48	 	4,50	 	-1,50	 
2022-01-15 19:25:00	MET_GARDEN	-0,40	 	85,00	 	-2,38	 	4,50	 	-1,50	 
2022-01-15 19:26:00	MET_GARDEN	-0,50	 	84,00	 	-2,62	 	4,50	 	-1,50	 
2022-01-15 19:27:00	MET_GARDEN	-0,60	 	84,00	 	-2,72	 	4,50	 	-1,50	 
2022-01-15 19:28:00	MET_GARDEN	-0,60	 	84,00	 	-2,72	 	4,50	 	-1,50	 
2022-01-15 19:29:00	MET_GARDEN	-0,40	 	85,00	 	-2,38	 	4,50	 	-1,50	 
2022-01-15 19:30:00	MET_GARDEN	-0,40	 	85,00	 	-2,38	 	4,50	 	-1,50	 
2022-01-15 19:31:00	MET_GARDEN	-0,30	 	85,00	 	-2,28	 	4,50	 	-1,50	 
2022-01-15 19:32:00	MET_GARDEN	-0,40	 	84,00	 	-2,52	 	4,50	 	-1,50	 
2022-01-15 19:33:00	MET_GARDEN	-0,30	 	84,00	 	-2,43	 	4,50	 	-1,50	 
2022-01-15 19:34:00	MET_GARDEN	-0,30	 	84,00	 	-2,43	 	4,50	 	-1,50	 
2022-01-15 19:35:00	MET_GARDEN	-0,30	 	84,00	 	-2,43	 	4,50	 	-1,50	 
2022-01-15 19:36:00	MET_GARDEN	-0,40	 	84,00	 	-2,52	 	4,50	 	-1,50	 
2022-01-15 19:37:00	MET_GARDEN	-0,50	 	83,00	 	-2,77	 	4,50	 	-1,50	 
2022-01-15 19:38:00	MET_GARDEN	-0,60	 	83,00	 	-2,86	 	4,50	 	-1,50	 
2022-01-15 19:39:00	MET_GARDEN	-0,70	 	84,00	 	-2,82	 	4,50	 	-1,50	 
2022-01-15 19:40:00	MET_GARDEN	-0,80	 	84,00	 	-2,92	 	4,50	 	-1,50	 
2022-01-15 19:41:00	MET_GARDEN	-0,80	 	84,00	 	-2,92	 	4,50	 	-1,50	 
2022-01-15 19:42:00	MET_GARDEN	-0,90	 	84,00	 	-3,02	 	4,50	 	-1,50	 
2022-01-15 19:43:00	MET_GARDEN	-1,00	 	84,00	 	-3,11	 	4,50	 	-1,50	 
2022-01-15 19:44:00	MET_GARDEN	-1,00	 	84,00	 	-3,11	 	4,50	 	-1,50	 
2022-01-15 19:45:00	MET_GARDEN	-1,00	 	85,00	 	-2,97	 	4,50	 	-1,50	 
2022-01-15 19:46:00	MET_GARDEN	-0,90	 	85,00	 	-2,87	 	4,50	 	-1,50	 
2022-01-15 19:47:00	MET_GARDEN	-1,00	 	85,00	 	-2,97	 	4,50	 	-1,50	 
2022-01-15 19:48:00	MET_GARDEN	-0,90	 	85,00	 	-2,87	 	4,50	 	-1,50	 
2022-01-15 19:49:00	MET_GARDEN	-0,90	 	86,00	 	-2,73	 	4,50	 	-1,50	 
2022-01-15 19:50:00	MET_GARDEN	-0,90	 	86,00	 	-2,73	 	4,50	 	-1,50	 
2022-01-15 19:51:00	MET_GARDEN	-0,80	 	86,00	 	-2,63	 	4,50	 	-1,50	 
2022-01-15 19:52:00	MET_GARDEN	-0,80	 	86,00	 	-2,63	 	4,50	 	-1,50	 
2022-01-15 19:53:00	MET_GARDEN	-0,80	 	85,00	 	-2,77	 	4,50	 	-1,50	 
2022-01-15 19:54:00	MET_GARDEN	-0,80	 	85,00	 	-2,77	 	4,50	 	-1,50	 
2022-01-15 19:55:00	MET_GARDEN	-0,80	 	85,00	 	-2,77	 	4,50	 	-1,50	 
2022-01-15 19:56:00	MET_GARDEN	-0,80	 	85,00	 	-2,77	 	4,50	 	-1,50	 
2022-01-15 19:57:00	MET_GARDEN	-0,90	 	85,00	 	-2,87	 	4,50	 	-1,50	 
2022-01-15 19:58:00	MET_GARDEN	-0,90	 	85,00	 	-2,87	 	4,50	 	-1,50	 
2022-01-15 19:59:00	MET_GARDEN	-1,00	 	85,00	 	-2,97	 	4,50	 	-1,50	 
2022-01-15 20:00:00	MET_GARDEN	-1,00	 	85,00	 	-2,97	 	4,50	 	-1,50	 
2022-01-15 20:01:00	MET_GARDEN	-1,00	 	85,00	 	-2,97	 	4,50	 	-1,50	 
2022-01-15 20:02:00	MET_GARDEN	-1,00	 	86,00	 	-2,83	 	4,50	 	-1,50	 
2022-01-15 20:03:00	MET_GARDEN	-0,90	 	86,00	 	-2,73	 	4,50	 	-1,50	 
2022-01-15 20:04:00	MET_GARDEN	-0,90	 	86,00	 	-2,73	 	4,50	 	-1,50	 
2022-01-15 20:05:00	MET_GARDEN	-1,00	 	86,00	 	-2,83	 	4,50	 	-1,50	 
2022-01-15 20:06:00	MET_GARDEN	-1,00	 	85,00	 	-2,97	 	4,50	 	-1,50	 
2022-01-15 20:07:00	MET_GARDEN	-1,10	 	85,00	 	-3,07	 	4,50	 	-1,50	 
2022-01-15 20:08:00	MET_GARDEN	-1,10	 	85,00	 	-3,07	 	4,50	 	-1,50	 
2022-01-15 20:09:00	MET_GARDEN	-1,20	 	85,00	 	-3,17	 	4,50	 	-1,50	 
2022-01-15 20:10:00	MET_GARDEN	-1,20	 	85,00	 	-3,17	 	4,50	 	-1,50	 
2022-01-15 20:11:00	MET_GARDEN	-1,30	 	85,00	 	-3,27	 	4,50	 	-1,50	 
2022-01-15 20:12:00	MET_GARDEN	-1,30	 	85,00	 	-3,27	 	4,50	 	-1,50	 
2022-01-15 20:13:00	MET_GARDEN	-1,20	 	86,00	 	-3,03	 	4,50	 	-1,50	 
2022-01-15 20:14:00	MET_GARDEN	-1,20	 	86,00	 	-3,03	 	4,50	 	-1,50	 
2022-01-15 20:15:00	MET_GARDEN	-1,20	 	86,00	 	-3,03	 	4,50	 	-1,50	 
2022-01-15 20:16:00	MET_GARDEN	-1,20	 	86,00	 	-3,03	 	4,50	 	-1,50	 
2022-01-15 20:17:00	MET_GARDEN	-1,20	 	86,00	 	-3,03	 	4,50	 	-1,50	 
2022-01-15 20:18:00	MET_GARDEN	-1,30	 	85,00	 	-3,27	 	4,50	 	-1,50	 
2022-01-15 20:19:00	MET_GARDEN	-1,30	 	86,00	 	-3,13	 	4,50	 	-1,50	 
2022-01-15 20:20:00	MET_GARDEN	-1,30	 	86,00	 	-3,13	 	4,50	 	-1,50	 
2022-01-15 20:21:00	MET_GARDEN	-1,30	 	86,00	 	-3,13	 	4,50	 	-1,50	 
2022-01-15 20:22:00	MET_GARDEN	-1,40	 	86,00	 	-3,23	 	4,50	 	-1,50	 
2022-01-15 20:23:00	MET_GARDEN	-1,50	 	86,00	 	-3,32	 	4,50	 	-1,50	 
2022-01-15 20:24:00	MET_GARDEN	-1,50	 	86,00	 	-3,32	 	4,50	 	-1,50	 
2022-01-15 20:25:00	MET_GARDEN	-1,40	 	86,00	 	-3,23	 	4,50	 	-1,50	 
2022-01-15 20:26:00	MET_GARDEN	-1,30	 	86,00	 	-3,13	 	4,50	 	-1,50	 
2022-01-15 20:27:00	MET_GARDEN	-1,30	 	86,00	 	-3,13	 	4,50	 	-1,50	 
2022-01-15 20:28:00	MET_GARDEN	-1,30	 	86,00	 	-3,13	 	4,50	 	-1,50	 
2022-01-15 20:29:00	MET_GARDEN	-1,20	 	86,00	 	-3,03	 	4,50	 	-1,50	 
2022-01-15 20:30:00	MET_GARDEN	-1,20	 	86,00	 	-3,03	 	4,50	 	-1,50	 
2022-01-15 20:31:00	MET_GARDEN	-1,10	 	86,00	 	-2,93	 	4,50	 	-1,50	 
2022-01-15 20:32:00	MET_GARDEN	-1,10	 	86,00	 	-2,93	 	4,50	 	-1,50	 
2022-01-15 20:33:00	MET_GARDEN	-1,10	 	86,00	 	-2,93	 	4,50	 	-1,50	 
2022-01-15 20:34:00	MET_GARDEN	-1,00	 	86,00	 	-2,83	 	4,50	 	-1,50	 
2022-01-15 20:35:00	MET_GARDEN	-0,90	 	86,00	 	-2,73	 	4,50	 	-1,50	 
2022-01-15 20:36:00	MET_GARDEN	-0,80	 	86,00	 	-2,63	 	4,50	 	-1,50	 
2022-01-15 20:37:00	MET_GARDEN	-0,80	 	85,00	 	-2,77	 	4,50	 	-1,50	 
2022-01-15 20:38:00	MET_GARDEN	-0,70	 	85,00	 	-2,68	 	4,50	 	-1,50	 
2022-01-15 20:39:00	MET_GARDEN	-0,70	 	85,00	 	-2,68	 	4,50	 	-1,50	 
2022-01-15 20:40:00	MET_GARDEN	-0,70	 	85,00	 	-2,68	 	4,50	 	-1,50	 
2022-01-15 20:41:00	MET_GARDEN	-0,70	 	85,00	 	-2,68	 	4,50	 	-1,50	 
2022-01-15 20:42:00	MET_GARDEN	-0,70	 	85,00	 	-2,68	 	4,50	 	-1,50	 
2022-01-15 20:43:00	MET_GARDEN	-0,80	 	84,00	 	-2,92	 	4,50	 	-1,50	 
2022-01-15 20:44:00	MET_GARDEN	-0,80	 	84,00	 	-2,92	 	4,50	 	-1,50	 
2022-01-15 20:45:00	MET_GARDEN	-0,90	 	84,00	 	-3,02	 	4,50	 	-1,50	 
2022-01-15 20:46:00	MET_GARDEN	-0,90	 	85,00	 	-2,87	 	4,50	 	-1,50	 
2022-01-15 20:47:00	MET_GARDEN	-0,80	 	85,00	 	-2,77	 	4,50	 	-1,50	 
2022-01-15 20:48:00	MET_GARDEN	-0,80	 	85,00	 	-2,77	 	4,50	 	-1,50	 
2022-01-15 20:49:00	MET_GARDEN	-0,90	 	85,00	 	-2,87	 	4,50	 	-1,50	 
2022-01-15 20:50:00	MET_GARDEN	-1,10	 	85,00	 	-3,07	 	4,50	 	-1,50	 
2022-01-15 20:51:00	MET_GARDEN	-1,20	 	85,00	 	-3,17	 	4,50	 	-1,50	 
2022-01-15 20:52:00	MET_GARDEN	-1,30	 	85,00	 	-3,27	 	4,50	 	-1,50	 
2022-01-15 20:53:00	MET_GARDEN	-1,30	 	86,00	 	-3,13	 	4,50	 	-1,50	 
2022-01-15 20:54:00	MET_GARDEN	-1,30	 	86,00	 	-3,13	 	4,50	 	-1,50	 
2022-01-15 20:55:00	MET_GARDEN	-1,30	 	86,00	 	-3,13	 	4,50	 	-1,50	 
2022-01-15 20:56:00	MET_GARDEN	-1,30	 	87,00	 	-2,99	 	4,50	 	-1,50	 
2022-01-15 20:57:00	MET_GARDEN	-1,40	 	87,00	 	-3,09	 	4,50	 	-1,50	 
2022-01-15 20:58:00	MET_GARDEN	-1,40	 	87,00	 	-3,09	 	4,50	 	-1,50	 
2022-01-15 20:59:00	MET_GARDEN	-1,40	 	87,00	 	-3,09	 	4,50	 	-1,50	 
2022-01-15 21:00:00	MET_GARDEN	-1,40	 	87,00	 	-3,09	 	4,50	 	-1,50	 
2022-01-15 21:01:00	MET_GARDEN	-1,50	 	87,00	 	-3,19	 	4,50	 	-1,50	 
2022-01-15 21:02:00	MET_GARDEN	-1,50	 	87,00	 	-3,19	 	4,50	 	-1,50	 
2022-01-15 21:03:00	MET_GARDEN	-1,50	 	88,00	 	-3,05	 	4,50	 	-1,50	 
2022-01-15 21:04:00	MET_GARDEN	-1,40	 	88,00	 	-2,95	 	4,50	 	-1,50	 
2022-01-15 21:05:00	MET_GARDEN	-1,40	 	88,00	 	-2,95	 	4,50	 	-1,50	 
2022-01-15 21:06:00	MET_GARDEN	-1,40	 	88,00	 	-2,95	 	4,50	 	-1,50	 
2022-01-15 21:07:00	MET_GARDEN	-1,30	 	88,00	 	-2,85	 	4,50	 	-1,50	 
2022-01-15 21:08:00	MET_GARDEN	-1,40	 	88,00	 	-2,95	 	4,50	 	-1,50	 
2022-01-15 21:09:00	MET_GARDEN	-1,40	 	88,00	 	-2,95	 	4,50	 	-1,50	 
2022-01-15 21:10:00	MET_GARDEN	-1,40	 	88,00	 	-2,95	 	4,50	 	-1,50	 
2022-01-15 21:11:00	MET_GARDEN	-1,40	 	88,00	 	-2,95	 	4,50	 	-1,50	 
2022-01-15 21:12:00	MET_GARDEN	-1,40	 	88,00	 	-2,95	 	4,50	 	-1,50	 
2022-01-15 21:13:00	MET_GARDEN	-1,40	 	88,00	 	-2,95	 	4,50	 	-1,50	 
2022-01-15 21:14:00	MET_GARDEN	-1,40	 	88,00	 	-2,95	 	4,50	 	-1,50	 
2022-01-15 21:15:00	MET_GARDEN	-1,40	 	88,00	 	-2,95	 	4,50	 	-1,50	 
2022-01-15 21:16:00	MET_GARDEN	-1,40	 	89,00	 	-2,81	 	4,50	 	-1,50	 
2022-01-15 21:17:00	MET_GARDEN	-1,40	 	89,00	 	-2,81	 	4,50	 	-1,50	 
2022-01-15 21:18:00	MET_GARDEN	-1,50	 	89,00	 	-2,91	 	4,50	 	-1,50	 
2022-01-15 21:19:00	MET_GARDEN	-1,50	 	89,00	 	-2,91	 	4,50	 	-1,50	 
2022-01-15 21:20:00	MET_GARDEN	-1,50	 	89,00	 	-2,91	 	4,50	 	-1,50	 
2022-01-15 21:21:00	MET_GARDEN	-1,50	 	89,00	 	-2,91	 	4,50	 	-1,50	 
2022-01-15 21:22:00	MET_GARDEN	-1,50	 	89,00	 	-2,91	 	4,50	 	-1,50	 
2022-01-15 21:23:00	MET_GARDEN	-1,50	 	89,00	 	-2,91	 	4,50	 	-1,50	 
2022-01-15 21:24:00	MET_GARDEN	-1,50	 	90,00	 	-2,78	 	4,50	 	-1,50	 
2022-01-15 21:25:00	MET_GARDEN	-1,50	 	90,00	 	-2,78	 	4,50	 	-1,50	 
2022-01-15 21:26:00	MET_GARDEN	-1,50	 	90,00	 	-2,78	 	4,50	 	-1,50	 
2022-01-15 21:27:00	MET_GARDEN	-1,50	 	90,00	 	-2,78	 	4,50	 	-1,50	 
2022-01-15 21:28:00	MET_GARDEN	-1,50	 	90,00	 	-2,78	 	4,50	 	-1,50	 
2022-01-15 21:29:00	MET_GARDEN	-1,50	 	90,00	 	-2,78	 	4,50	 	-1,50	 
2022-01-15 21:30:00	MET_GARDEN	-1,40	 	90,00	 	-2,68	 	4,50	 	-1,50	 
2022-01-15 21:31:00	MET_GARDEN	-1,40	 	90,00	 	-2,68	 	4,50	 	-1,50	 
2022-01-15 21:32:00	MET_GARDEN	-1,40	 	90,00	 	-2,68	 	4,50	 	-1,50	 
2022-01-15 21:33:00	MET_GARDEN	-1,40	 	89,00	 	-2,81	 	4,50	 	-1,50	 
2022-01-15 21:34:00	MET_GARDEN	-1,40	 	89,00	 	-2,81	 	4,50	 	-1,50	 
2022-01-15 21:35:00	MET_GARDEN	-1,40	 	89,00	 	-2,81	 	4,50	 	-1,50	 
2022-01-15 21:36:00	MET_GARDEN	-1,50	 	89,00	 	-2,91	 	4,50	 	-1,50	 
2022-01-15 21:37:00	MET_GARDEN	-1,40	 	89,00	 	-2,81	 	4,50	 	-1,50	 
2022-01-15 21:38:00	MET_GARDEN	-1,40	 	89,00	 	-2,81	 	4,50	 	-1,50	 
2022-01-15 21:39:00	MET_GARDEN	-1,40	 	89,00	 	-2,81	 	4,50	 	-1,50	 
2022-01-15 21:40:00	MET_GARDEN	-1,30	 	89,00	 	-2,71	 	4,50	 	-1,50	 
2022-01-15 21:41:00	MET_GARDEN	-1,30	 	89,00	 	-2,71	 	4,50	 	-1,50	 
2022-01-15 21:42:00	MET_GARDEN	-1,20	 	89,00	 	-2,61	 	4,50	 	-1,50	 
2022-01-15 21:43:00	MET_GARDEN	-1,20	 	89,00	 	-2,61	 	4,50	 	-1,50	 
2022-01-15 21:44:00	MET_GARDEN	-1,20	 	89,00	 	-2,61	 	4,50	 	-1,50	 
2022-01-15 21:45:00	MET_GARDEN	-1,20	 	89,00	 	-2,61	 	4,50	 	-1,50	 
2022-01-15 21:46:00	MET_GARDEN	-1,20	 	89,00	 	-2,61	 	4,50	 	-1,50	 
2022-01-15 21:47:00	MET_GARDEN	-1,30	 	88,00	 	-2,85	 	4,50	 	-1,50	 
2022-01-15 21:48:00	MET_GARDEN	-1,30	 	88,00	 	-2,85	 	4,50	 	-1,50	 
2022-01-15 21:49:00	MET_GARDEN	-1,40	 	88,00	 	-2,95	 	4,50	 	-1,50	 
2022-01-15 21:50:00	MET_GARDEN	-1,40	 	88,00	 	-2,95	 	4,50	 	-1,50	 
2022-01-15 21:51:00	MET_GARDEN	-1,40	 	88,00	 	-2,95	 	4,50	 	-1,50	 
2022-01-15 21:52:00	MET_GARDEN	-1,50	 	88,00	 	-3,05	 	4,50	 	-1,50	 
2022-01-15 21:53:00	MET_GARDEN	-1,40	 	89,00	 	-2,81	 	4,50	 	-1,50	 
2022-01-15 21:54:00	MET_GARDEN	-1,40	 	89,00	 	-2,81	 	4,50	 	-1,50	 
2022-01-15 21:55:00	MET_GARDEN	-1,50	 	89,00	 	-2,91	 	4,50	 	-1,50	 
2022-01-15 21:56:00	MET_GARDEN	-1,50	 	89,00	 	-2,91	 	4,50	 	-1,50	 
2022-01-15 21:57:00	MET_GARDEN	-1,50	 	89,00	 	-2,91	 	4,50	 	-1,50	 
2022-01-15 21:58:00	MET_GARDEN	-1,50	 	89,00	 	-2,91	 	4,50	 	-1,50	 
2022-01-15 21:59:00	MET_GARDEN	-1,50	 	89,00	 	-2,91	 	4,50	 	-1,50	 
2022-01-15 22:00:00	MET_GARDEN	-1,50	 	89,00	 	-2,91	 	4,50	 	-1,50	 
2022-01-15 22:01:00	MET_GARDEN	-1,50	 	90,00	 	-2,78	 	4,50	 	-1,50	 
2022-01-15 22:02:00	MET_GARDEN	-1,50	 	90,00	 	-2,78	 	4,50	 	-1,50	 
2022-01-15 22:03:00	MET_GARDEN	-1,50	 	90,00	 	-2,78	 	4,50	 	-1,50	 
2022-01-15 22:04:00	MET_GARDEN	-1,50	 	90,00	 	-2,78	 	4,50	 	-1,50	 
2022-01-15 22:05:00	MET_GARDEN	-1,50	 	90,00	 	-2,78	 	4,50	 	-1,50	 
2022-01-15 22:06:00	MET_GARDEN	-1,50	 	90,00	 	-2,78	 	4,50	 	-1,50	 
2022-01-15 22:07:00	MET_GARDEN	-1,50	 	90,00	 	-2,78	 	4,50	 	-1,50	 
2022-01-15 22:08:00	MET_GARDEN	-1,50	 	90,00	 	-2,78	 	4,50	 	-1,50	 
2022-01-15 22:09:00	MET_GARDEN	-1,50	 	90,00	 	-2,78	 	4,50	 	-1,50	 
2022-01-15 22:10:00	MET_GARDEN	-1,50	 	90,00	 	-2,78	 	4,50	 	-1,60	 
2022-01-15 22:11:00	MET_GARDEN	-1,60	 	90,00	 	-2,88	 	4,50	 	-1,60	 
2022-01-15 22:12:00	MET_GARDEN	-1,60	 	90,00	 	-2,88	 	4,50	 	-1,60	 
2022-01-15 22:13:00	MET_GARDEN	-1,60	 	90,00	 	-2,88	 	4,50	 	-1,60	 
2022-01-15 22:14:00	MET_GARDEN	-1,60	 	90,00	 	-2,88	 	4,50	 	-1,60	 
2022-01-15 22:15:00	MET_GARDEN	-1,60	 	90,00	 	-2,88	 	4,50	 	-1,60	 
2022-01-15 22:16:00	MET_GARDEN	-1,60	 	90,00	 	-2,88	 	4,50	 	-1,60	 
2022-01-15 22:17:00	MET_GARDEN	-1,60	 	91,00	 	-2,74	 	4,50	 	-1,60	 
2022-01-15 22:18:00	MET_GARDEN	-1,60	 	91,00	 	-2,74	 	4,50	 	-1,70	 
2022-01-15 22:19:00	MET_GARDEN	-1,70	 	91,00	 	-2,84	 	4,50	 	-1,70	 
2022-01-15 22:20:00	MET_GARDEN	-1,70	 	91,00	 	-2,84	 	4,50	 	-1,70	 
2022-01-15 22:21:00	MET_GARDEN	-1,70	 	91,00	 	-2,84	 	4,50	 	-1,70	 
2022-01-15 22:22:00	MET_GARDEN	-1,70	 	91,00	 	-2,84	 	4,50	 	-1,70	 
2022-01-15 22:23:00	MET_GARDEN	-1,70	 	91,00	 	-2,84	 	4,50	 	-1,70	 
2022-01-15 22:24:00	MET_GARDEN	-1,70	 	91,00	 	-2,84	 	4,50	 	-1,70	 
2022-01-15 22:25:00	MET_GARDEN	-1,70	 	91,00	 	-2,84	 	4,50	 	-1,70	 
2022-01-15 22:26:00	MET_GARDEN	-1,70	 	91,00	 	-2,84	 	4,50	 	-1,70	 
2022-01-15 22:27:00	MET_GARDEN	-1,70	 	91,00	 	-2,84	 	4,50	 	-1,70	 
2022-01-15 22:28:00	MET_GARDEN	-1,70	 	91,00	 	-2,84	 	4,50	 	-1,70	 
2022-01-15 22:29:00	MET_GARDEN	-1,60	 	91,00	 	-2,74	 	4,50	 	-1,70	 
2022-01-15 22:30:00	MET_GARDEN	-1,60	 	91,00	 	-2,74	 	4,50	 	-1,70	 
2022-01-15 22:31:00	MET_GARDEN	-1,70	 	91,00	 	-2,84	 	4,50	 	-1,70	 
2022-01-15 22:32:00	MET_GARDEN	-1,70	 	92,00	 	-2,71	 	4,50	 	-1,70	 
2022-01-15 22:33:00	MET_GARDEN	-1,70	 	92,00	 	-2,71	 	4,50	 	-1,70	 
2022-01-15 22:34:00	MET_GARDEN	-1,70	 	92,00	 	-2,71	 	4,50	 	-1,70	 
2022-01-15 22:35:00	MET_GARDEN	-1,70	 	92,00	 	-2,71	 	4,50	 	-1,70	 
2022-01-15 22:36:00	MET_GARDEN	-1,60	 	92,00	 	-2,61	 	4,50	 	-1,70	 
2022-01-15 22:37:00	MET_GARDEN	-1,70	 	92,00	 	-2,71	 	4,50	 	-1,70	 
2022-01-15 22:38:00	MET_GARDEN	-1,70	 	92,00	 	-2,71	 	4,50	 	-1,70	 
2022-01-15 22:39:00	MET_GARDEN	-1,70	 	92,00	 	-2,71	 	4,50	 	-1,70	 
2022-01-15 22:40:00	MET_GARDEN	-1,70	 	92,00	 	-2,71	 	4,50	 	-1,70	 
2022-01-15 22:41:00	MET_GARDEN	-1,70	 	92,00	 	-2,71	 	4,50	 	-1,70	 
2022-01-15 22:42:00	MET_GARDEN	-1,70	 	92,00	 	-2,71	 	4,50	 	-1,70	 
2022-01-15 22:43:00	MET_GARDEN	-1,70	 	92,00	 	-2,71	 	4,50	 	-1,70	 
2022-01-15 22:44:00	MET_GARDEN	-1,70	 	92,00	 	-2,71	 	4,50	 	-1,70	 
2022-01-15 22:45:00	MET_GARDEN	-1,70	 	92,00	 	-2,71	 	4,50	 	-1,70	 
2022-01-15 22:46:00	MET_GARDEN	-1,70	 	92,00	 	-2,71	 	4,50	 	-1,70	 
2022-01-15 22:47:00	MET_GARDEN	-1,70	 	92,00	 	-2,71	 	4,50	 	-1,70	 
2022-01-15 22:48:00	MET_GARDEN	-1,70	 	92,00	 	-2,71	 	4,50	 	-1,80	 
2022-01-15 22:49:00	MET_GARDEN	-1,80	 	92,00	 	-2,81	 	4,50	 	-1,80	 
2022-01-15 22:50:00	MET_GARDEN	-1,80	 	92,00	 	-2,81	 	4,50	 	-1,80	 
2022-01-15 22:51:00	MET_GARDEN	-1,80	 	92,00	 	-2,81	 	4,50	 	-1,80	 
2022-01-15 22:52:00	MET_GARDEN	-1,80	 	92,00	 	-2,81	 	4,50	 	-1,80	 
2022-01-15 22:53:00	MET_GARDEN	-1,80	 	92,00	 	-2,81	 	4,50	 	-1,80	 
2022-01-15 22:54:00	MET_GARDEN	-1,80	 	92,00	 	-2,81	 	4,50	 	-1,80	 
2022-01-15 22:55:00	MET_GARDEN	-1,80	 	92,00	 	-2,81	 	4,50	 	-1,80	 
2022-01-15 22:56:00	MET_GARDEN	-1,80	 	92,00	 	-2,81	 	4,50	 	-1,90	 
2022-01-15 22:57:00	MET_GARDEN	-1,90	 	92,00	 	-2,91	 	4,50	 	-1,90	 
2022-01-15 22:58:00	MET_GARDEN	-1,90	 	92,00	 	-2,91	 	4,50	 	-1,90	 
2022-01-15 22:59:00	MET_GARDEN	-1,90	 	92,00	 	-2,91	 	4,50	 	-2,00	 
2022-01-15 23:00:00	MET_GARDEN	-2,00	 	92,00	 	-3,01	 	4,50	 	-2,00	 
2022-01-15 23:01:00	MET_GARDEN	-2,00	 	92,00	 	-3,01	 	4,50	 	-2,10	 
2022-01-15 23:02:00	MET_GARDEN	-2,10	 	92,00	 	-3,11	 	4,50	 	-2,10	 
2022-01-15 23:03:00	MET_GARDEN	-2,10	 	92,00	 	-3,11	 	4,50	 	-2,20	 
2022-01-15 23:04:00	MET_GARDEN	-2,20	 	92,00	 	-3,21	 	4,50	 	-2,20	 
2022-01-15 23:05:00	MET_GARDEN	-2,20	 	92,00	 	-3,21	 	4,50	 	-2,20	 
2022-01-15 23:06:00	MET_GARDEN	-2,20	 	92,00	 	-3,21	 	4,50	 	-2,20	 
2022-01-15 23:07:00	MET_GARDEN	-2,20	 	93,00	 	-3,08	 	4,50	 	-2,20	 
2022-01-15 23:08:00	MET_GARDEN	-2,20	 	93,00	 	-3,08	 	4,50	 	-2,30	 
2022-01-15 23:09:00	MET_GARDEN	-2,30	 	93,00	 	-3,18	 	4,50	 	-2,30	 
2022-01-15 23:10:00	MET_GARDEN	-2,30	 	93,00	 	-3,18	 	4,50	 	-2,30	 
2022-01-15 23:11:00	MET_GARDEN	-2,30	 	93,00	 	-3,18	 	4,50	 	-2,30	 
2022-01-15 23:12:00	MET_GARDEN	-2,20	 	93,00	 	-3,08	 	4,50	 	-2,30	 
2022-01-15 23:13:00	MET_GARDEN	-2,20	 	93,00	 	-3,08	 	4,50	 	-2,30	 
2022-01-15 23:14:00	MET_GARDEN	-2,10	 	93,00	 	-2,98	 	4,50	 	-2,30	 
2022-01-15 23:15:00	MET_GARDEN	-2,00	 	93,00	 	-2,88	 	4,50	 	-2,30	 
2022-01-15 23:16:00	MET_GARDEN	-2,00	 	93,00	 	-2,88	 	4,50	 	-2,30	 
2022-01-15 23:17:00	MET_GARDEN	-2,00	 	93,00	 	-2,88	 	4,50	 	-2,30	 
2022-01-15 23:18:00	MET_GARDEN	-1,90	 	93,00	 	-2,78	 	4,50	 	-2,30	 
2022-01-15 23:19:00	MET_GARDEN	-1,90	 	93,00	 	-2,78	 	4,50	 	-2,30	 
2022-01-15 23:20:00	MET_GARDEN	-1,90	 	93,00	 	-2,78	 	4,50	 	-2,30	 
2022-01-15 23:21:00	MET_GARDEN	-2,00	 	93,00	 	-2,88	 	4,50	 	-2,30	 
2022-01-15 23:22:00	MET_GARDEN	-2,00	 	93,00	 	-2,88	 	4,50	 	-2,30	 
2022-01-15 23:23:00	MET_GARDEN	-2,10	 	93,00	 	-2,98	 	4,50	 	-2,30	 
2022-01-15 23:24:00	MET_GARDEN	-2,10	 	93,00	 	-2,98	 	4,50	 	-2,30	 
2022-01-15 23:25:00	MET_GARDEN	-2,20	 	93,00	 	-3,08	 	4,50	 	-2,30	 
2022-01-15 23:26:00	MET_GARDEN	-2,20	 	93,00	 	-3,08	 	4,50	 	-2,30	 
2022-01-15 23:27:00	MET_GARDEN	-2,20	 	93,00	 	-3,08	 	4,50	 	-2,30	 
2022-01-15 23:28:00	MET_GARDEN	-2,30	 	93,00	 	-3,18	 	4,50	 	-2,30	 
2022-01-15 23:29:00	MET_GARDEN	-2,30	 	93,00	 	-3,18	 	4,50	 	-2,30	 
2022-01-15 23:30:00	MET_GARDEN	-2,30	 	93,00	 	-3,18	 	4,50	 	-2,30	 
2022-01-15 23:31:00	MET_GARDEN	-2,30	 	93,00	 	-3,18	 	4,50	 	-2,40	 
2022-01-15 23:32:00	MET_GARDEN	-2,40	 	93,00	 	-3,28	 	4,50	 	-2,40	 
2022-01-15 23:33:00	MET_GARDEN	-2,40	 	93,00	 	-3,28	 	4,50	 	-2,50	 
2022-01-15 23:34:00	MET_GARDEN	-2,50	 	93,00	 	-3,37	 	4,50	 	-2,60	 
2022-01-15 23:35:00	MET_GARDEN	-2,60	 	93,00	 	-3,47	 	4,50	 	-2,60	 
2022-01-15 23:36:00	MET_GARDEN	-2,60	 	93,00	 	-3,47	 	4,50	 	-2,60	 
2022-01-15 23:37:00	MET_GARDEN	-2,50	 	93,00	 	-3,37	 	4,50	 	-2,60	 
2022-01-15 23:38:00	MET_GARDEN	-2,40	 	93,00	 	-3,28	 	4,50	 	-2,60	 
2022-01-15 23:39:00	MET_GARDEN	-2,50	 	93,00	 	-3,37	 	4,50	 	-2,60	 
2022-01-15 23:40:00	MET_GARDEN	-2,50	 	94,00	 	-3,25	 	4,50	 	-2,60	 
2022-01-15 23:41:00	MET_GARDEN	-2,50	 	94,00	 	-3,25	 	4,50	 	-2,60	 
2022-01-15 23:42:00	MET_GARDEN	-2,50	 	94,00	 	-3,25	 	4,50	 	-2,60	 
2022-01-15 23:43:00	MET_GARDEN	-2,40	 	94,00	 	-3,15	 	4,50	 	-2,60	 
2022-01-15 23:44:00	MET_GARDEN	-2,30	 	94,00	 	-3,05	 	4,50	 	-2,60	 
2022-01-15 23:45:00	MET_GARDEN	-2,30	 	94,00	 	-3,05	 	4,50	 	-2,60	 
2022-01-15 23:46:00	MET_GARDEN	-2,30	 	94,00	 	-3,05	 	4,50	 	-2,60	 
2022-01-15 23:47:00	MET_GARDEN	-2,40	 	94,00	 	-3,15	 	4,50	 	-2,60	 
2022-01-15 23:48:00	MET_GARDEN	-2,60	 	94,00	 	-3,35	 	4,50	 	-3,10	 
2022-01-15 23:49:00	MET_GARDEN	-3,10	 	93,00	 	-3,97	 	4,50	 	-3,50	 
2022-01-15 23:50:00	MET_GARDEN	-3,50	 	93,00	 	-4,37	 	4,50	 	-3,70	 
2022-01-15 23:51:00	MET_GARDEN	-3,70	 	92,00	 	-4,70	 	4,50	 	-3,70	 
2022-01-15 23:52:00	MET_GARDEN	-3,70	 	92,00	 	-4,70	 	4,50	 	-3,80	 
2022-01-15 23:53:00	MET_GARDEN	-3,80	 	92,00	 	-4,79	 	4,50	 	-3,80	 
2022-01-15 23:54:00	MET_GARDEN	-3,70	 	93,00	 	-4,57	 	4,50	 	-3,80	 
2022-01-15 23:55:00	MET_GARDEN	-3,60	 	93,00	 	-4,47	 	4,50	 	-3,80	 
2022-01-15 23:56:00	MET_GARDEN	-3,60	 	93,00	 	-4,47	 	4,50	 	-3,80	 
2022-01-15 23:57:00	MET_GARDEN	-3,70	 	93,00	 	-4,57	 	4,50	 	-3,80	 
2022-01-15 23:58:00	MET_GARDEN	-3,60	 	93,00	 	-4,47	 	4,50	 	-3,80	 
2022-01-15 23:59:00	MET_GARDEN	-3,60	 	94,00	 	-4,34	 	4,50	 	-3,80	 
