CREATEDATE	SITE	TH_TT	ST	TH_UU	ST	TH_TD	ST	TAMAX_06-18	ST	TAMIN_18-06	ST
2022-01-30 00:00:03	MET_GARDEN	6,30	 	75,00	 	2,21	 	6,30	 	3,90	 
2022-01-30 00:01:00	MET_GARDEN	6,30	 	74,00	 	2,02	 	6,30	 	3,90	 
2022-01-30 00:02:00	MET_GARDEN	6,30	 	74,00	 	2,02	 	6,30	 	3,90	 
2022-01-30 00:03:00	MET_GARDEN	6,20	 	74,00	 	1,92	 	6,30	 	3,90	 
2022-01-30 00:04:00	MET_GARDEN	6,20	 	74,00	 	1,92	 	6,30	 	3,90	 
2022-01-30 00:05:00	MET_GARDEN	6,20	 	74,00	 	1,92	 	6,30	 	3,90	 
2022-01-30 00:06:00	MET_GARDEN	6,30	 	73,00	 	1,83	 	6,30	 	3,90	 
2022-01-30 00:07:00	MET_GARDEN	6,30	 	73,00	 	1,83	 	6,30	 	3,90	 
2022-01-30 00:08:00	MET_GARDEN	6,30	 	73,00	 	1,83	 	6,30	 	3,90	 
2022-01-30 00:09:00	MET_GARDEN	6,20	 	73,00	 	1,73	 	6,30	 	3,90	 
2022-01-30 00:10:00	MET_GARDEN	6,00	 	74,00	 	1,73	 	6,30	 	3,90	 
2022-01-30 00:11:00	MET_GARDEN	6,10	 	73,00	 	1,64	 	6,30	 	3,90	 
2022-01-30 00:12:00	MET_GARDEN	6,30	 	72,00	 	1,64	 	6,30	 	3,90	 
2022-01-30 00:13:00	MET_GARDEN	6,10	 	73,00	 	1,64	 	6,30	 	3,90	 
2022-01-30 00:14:00	MET_GARDEN	6,10	 	73,00	 	1,64	 	6,30	 	3,90	 
2022-01-30 00:15:00	MET_GARDEN	6,10	 	73,00	 	1,64	 	6,30	 	3,90	 
2022-01-30 00:16:00	MET_GARDEN	6,30	 	72,00	 	1,64	 	6,30	 	3,90	 
2022-01-30 00:17:00	MET_GARDEN	6,30	 	71,00	 	1,44	 	6,30	 	3,90	 
2022-01-30 00:18:00	MET_GARDEN	6,40	 	70,00	 	1,34	 	6,30	 	3,90	 
2022-01-30 00:19:00	MET_GARDEN	6,40	 	69,00	 	1,14	 	6,40	 	3,90	 
2022-01-30 00:20:00	MET_GARDEN	6,40	 	69,00	 	1,14	 	6,40	 	3,90	 
2022-01-30 00:21:00	MET_GARDEN	6,50	 	68,00	 	1,03	 	6,40	 	3,90	 
2022-01-30 00:22:00	MET_GARDEN	6,50	 	68,00	 	1,03	 	6,50	 	3,90	 
2022-01-30 00:23:00	MET_GARDEN	6,30	 	68,00	 	0,84	 	6,50	 	3,90	 
2022-01-30 00:24:00	MET_GARDEN	6,50	 	67,00	 	0,83	 	6,50	 	3,90	 
2022-01-30 00:25:00	MET_GARDEN	6,60	 	66,00	 	0,72	 	6,50	 	3,90	 
2022-01-30 00:26:00	MET_GARDEN	6,50	 	66,00	 	0,62	 	6,60	 	3,90	 
2022-01-30 00:27:00	MET_GARDEN	6,60	 	64,00	 	0,29	 	6,60	 	3,90	 
2022-01-30 00:28:00	MET_GARDEN	6,70	 	64,00	 	0,39	 	6,60	 	3,90	 
2022-01-30 00:29:00	MET_GARDEN	6,60	 	64,00	 	0,29	 	6,70	 	3,90	 
2022-01-30 00:30:00	MET_GARDEN	6,50	 	64,00	 	0,20	 	6,70	 	3,90	 
2022-01-30 00:31:00	MET_GARDEN	6,50	 	65,00	 	0,41	 	6,70	 	3,90	 
2022-01-30 00:32:00	MET_GARDEN	6,30	 	65,00	 	0,22	 	6,70	 	3,90	 
2022-01-30 00:33:00	MET_GARDEN	6,20	 	66,00	 	0,33	 	6,70	 	3,90	 
2022-01-30 00:34:00	MET_GARDEN	6,40	 	65,00	 	0,31	 	6,70	 	3,90	 
2022-01-30 00:35:00	MET_GARDEN	6,40	 	64,00	 	0,10	 	6,70	 	3,90	 
2022-01-30 00:36:00	MET_GARDEN	6,30	 	64,00	 	0,00	 	6,70	 	3,90	 
2022-01-30 00:37:00	MET_GARDEN	6,40	 	63,00	 	-0,12	 	6,70	 	3,90	 
2022-01-30 00:38:00	MET_GARDEN	6,40	 	62,00	 	-0,34	 	6,70	 	3,90	 
2022-01-30 00:39:00	MET_GARDEN	6,40	 	62,00	 	-0,34	 	6,70	 	3,90	 
2022-01-30 00:40:00	MET_GARDEN	6,30	 	62,00	 	-0,43	 	6,70	 	3,90	 
2022-01-30 00:41:00	MET_GARDEN	6,30	 	62,00	 	-0,43	 	6,70	 	3,90	 
2022-01-30 00:42:00	MET_GARDEN	6,20	 	62,00	 	-0,53	 	6,70	 	3,90	 
2022-01-30 00:43:00	MET_GARDEN	6,40	 	61,00	 	-0,56	 	6,70	 	3,90	 
2022-01-30 00:44:00	MET_GARDEN	6,40	 	60,00	 	-0,79	 	6,70	 	3,90	 
2022-01-30 00:45:00	MET_GARDEN	6,60	 	59,00	 	-0,83	 	6,70	 	3,90	 
2022-01-30 00:46:00	MET_GARDEN	6,40	 	60,00	 	-0,79	 	6,70	 	3,90	 
2022-01-30 00:47:00	MET_GARDEN	6,30	 	61,00	 	-0,66	 	6,70	 	3,90	 
2022-01-30 00:48:00	MET_GARDEN	6,30	 	62,00	 	-0,43	 	6,70	 	3,90	 
2022-01-30 00:49:00	MET_GARDEN	6,20	 	63,00	 	-0,31	 	6,70	 	3,90	 
2022-01-30 00:50:00	MET_GARDEN	6,30	 	62,00	 	-0,43	 	6,70	 	3,90	 
2022-01-30 00:51:00	MET_GARDEN	6,30	 	63,00	 	-0,21	 	6,70	 	3,90	 
2022-01-30 00:52:00	MET_GARDEN	6,20	 	63,00	 	-0,31	 	6,70	 	3,90	 
2022-01-30 00:53:00	MET_GARDEN	6,20	 	63,00	 	-0,31	 	6,70	 	3,90	 
2022-01-30 00:54:00	MET_GARDEN	6,10	 	64,00	 	-0,19	 	6,70	 	3,90	 
2022-01-30 00:55:00	MET_GARDEN	6,20	 	63,00	 	-0,31	 	6,70	 	3,90	 
2022-01-30 00:56:00	MET_GARDEN	6,30	 	61,00	 	-0,66	 	6,70	 	3,90	 
2022-01-30 00:57:00	MET_GARDEN	6,40	 	60,00	 	-0,79	 	6,70	 	3,90	 
2022-01-30 00:58:00	MET_GARDEN	6,40	 	59,00	 	-1,02	 	6,70	 	3,90	 
2022-01-30 00:59:00	MET_GARDEN	6,40	 	59,00	 	-1,02	 	6,70	 	3,90	 
2022-01-30 01:00:00	MET_GARDEN	6,40	 	59,00	 	-1,02	 	6,70	 	3,90	 
2022-01-30 01:01:00	MET_GARDEN	6,20	 	61,00	 	-0,75	 	6,70	 	3,90	 
2022-01-30 01:02:00	MET_GARDEN	6,10	 	62,00	 	-0,62	 	6,70	 	3,90	 
2022-01-30 01:03:00	MET_GARDEN	6,30	 	60,00	 	-0,88	 	6,70	 	3,90	 
2022-01-30 01:04:00	MET_GARDEN	6,40	 	59,00	 	-1,02	 	6,70	 	3,90	 
2022-01-30 01:05:00	MET_GARDEN	6,30	 	60,00	 	-0,88	 	6,70	 	3,90	 
2022-01-30 01:06:00	MET_GARDEN	6,30	 	58,00	 	-1,35	 	6,70	 	3,90	 
2022-01-30 01:07:00	MET_GARDEN	6,40	 	58,00	 	-1,25	 	6,70	 	3,90	 
2022-01-30 01:08:00	MET_GARDEN	6,30	 	58,00	 	-1,35	 	6,70	 	3,90	 
2022-01-30 01:09:00	MET_GARDEN	6,40	 	57,00	 	-1,49	 	6,70	 	3,90	 
2022-01-30 01:10:00	MET_GARDEN	6,40	 	56,00	 	-1,73	 	6,70	 	3,90	 
2022-01-30 01:11:00	MET_GARDEN	6,30	 	56,00	 	-1,82	 	6,70	 	3,90	 
2022-01-30 01:12:00	MET_GARDEN	6,40	 	56,00	 	-1,73	 	6,70	 	3,90	 
2022-01-30 01:13:00	MET_GARDEN	6,40	 	55,00	 	-1,98	 	6,70	 	3,90	 
2022-01-30 01:14:00	MET_GARDEN	6,40	 	55,00	 	-1,98	 	6,70	 	3,90	 
2022-01-30 01:15:00	MET_GARDEN	6,40	 	55,00	 	-1,98	 	6,70	 	3,90	 
2022-01-30 01:16:00	MET_GARDEN	6,40	 	55,00	 	-1,98	 	6,70	 	3,90	 
2022-01-30 01:17:00	MET_GARDEN	6,40	 	55,00	 	-1,98	 	6,70	 	3,90	 
2022-01-30 01:18:00	MET_GARDEN	6,20	 	56,00	 	-1,92	 	6,70	 	3,90	 
2022-01-30 01:19:00	MET_GARDEN	6,20	 	56,00	 	-1,92	 	6,70	 	3,90	 
2022-01-30 01:20:00	MET_GARDEN	6,30	 	56,00	 	-1,82	 	6,70	 	3,90	 
2022-01-30 01:21:00	MET_GARDEN	6,10	 	56,00	 	-2,01	 	6,70	 	3,90	 
2022-01-30 01:22:00	MET_GARDEN	6,10	 	57,00	 	-1,77	 	6,70	 	3,90	 
2022-01-30 01:23:00	MET_GARDEN	6,10	 	57,00	 	-1,77	 	6,70	 	3,90	 
2022-01-30 01:24:00	MET_GARDEN	6,10	 	57,00	 	-1,77	 	6,70	 	3,90	 
2022-01-30 01:25:00	MET_GARDEN	6,10	 	57,00	 	-1,77	 	6,70	 	3,90	 
2022-01-30 01:26:00	MET_GARDEN	6,20	 	57,00	 	-1,68	 	6,70	 	3,90	 
2022-01-30 01:27:00	MET_GARDEN	6,10	 	57,00	 	-1,77	 	6,70	 	3,90	 
2022-01-30 01:28:00	MET_GARDEN	5,80	 	59,00	 	-1,59	 	6,70	 	3,90	 
2022-01-30 01:29:00	MET_GARDEN	5,60	 	60,00	 	-1,55	 	6,70	 	3,90	 
2022-01-30 01:30:00	MET_GARDEN	5,50	 	61,00	 	-1,42	 	6,70	 	3,90	 
2022-01-30 01:31:00	MET_GARDEN	5,50	 	61,00	 	-1,42	 	6,70	 	3,90	 
2022-01-30 01:32:00	MET_GARDEN	5,50	 	62,00	 	-1,19	 	6,70	 	3,90	 
2022-01-30 01:33:00	MET_GARDEN	5,50	 	62,00	 	-1,19	 	6,70	 	3,90	 
2022-01-30 01:34:00	MET_GARDEN	5,50	 	63,00	 	-0,98	 	6,70	 	3,90	 
2022-01-30 01:35:00	MET_GARDEN	5,40	 	63,00	 	-1,07	 	6,70	 	3,90	 
2022-01-30 01:36:00	MET_GARDEN	5,50	 	64,00	 	-0,76	 	6,70	 	3,90	 
2022-01-30 01:37:00	MET_GARDEN	5,40	 	64,00	 	-0,86	 	6,70	 	3,90	 
2022-01-30 01:38:00	MET_GARDEN	5,40	 	65,00	 	-0,64	 	6,70	 	3,90	 
2022-01-30 01:39:00	MET_GARDEN	5,40	 	66,00	 	-0,43	 	6,70	 	3,90	 
2022-01-30 01:40:00	MET_GARDEN	5,40	 	66,00	 	-0,43	 	6,70	 	3,90	 
2022-01-30 01:41:00	MET_GARDEN	5,50	 	66,00	 	-0,34	 	6,70	 	3,90	 
2022-01-30 01:42:00	MET_GARDEN	5,50	 	66,00	 	-0,34	 	6,70	 	3,90	 
2022-01-30 01:43:00	MET_GARDEN	5,50	 	66,00	 	-0,34	 	6,70	 	3,90	 
2022-01-30 01:44:00	MET_GARDEN	5,60	 	66,00	 	-0,24	 	6,70	 	3,90	 
2022-01-30 01:45:00	MET_GARDEN	5,60	 	66,00	 	-0,24	 	6,70	 	3,90	 
2022-01-30 01:46:00	MET_GARDEN	5,50	 	67,00	 	-0,13	 	6,70	 	3,90	 
2022-01-30 01:47:00	MET_GARDEN	5,50	 	67,00	 	-0,13	 	6,70	 	3,90	 
2022-01-30 01:48:00	MET_GARDEN	5,60	 	67,00	 	-0,03	 	6,70	 	3,90	 
2022-01-30 01:49:00	MET_GARDEN	5,60	 	67,00	 	-0,03	 	6,70	 	3,90	 
2022-01-30 01:50:00	MET_GARDEN	5,70	 	66,00	 	-0,15	 	6,70	 	3,90	 
2022-01-30 01:51:00	MET_GARDEN	5,70	 	66,00	 	-0,15	 	6,70	 	3,90	 
2022-01-30 01:52:00	MET_GARDEN	5,60	 	67,00	 	-0,03	 	6,70	 	3,90	 
2022-01-30 01:53:00	MET_GARDEN	5,60	 	68,00	 	0,17	 	6,70	 	3,90	 
2022-01-30 01:54:00	MET_GARDEN	5,60	 	68,00	 	0,17	 	6,70	 	3,90	 
2022-01-30 01:55:00	MET_GARDEN	5,50	 	68,00	 	0,07	 	6,70	 	3,90	 
2022-01-30 01:56:00	MET_GARDEN	5,40	 	69,00	 	0,18	 	6,70	 	3,90	 
2022-01-30 01:57:00	MET_GARDEN	5,30	 	69,00	 	0,08	 	6,70	 	3,90	 
2022-01-30 01:58:00	MET_GARDEN	5,30	 	69,00	 	0,08	 	6,70	 	3,90	 
2022-01-30 01:59:00	MET_GARDEN	5,40	 	69,00	 	0,18	 	6,70	 	3,90	 
2022-01-30 02:00:00	MET_GARDEN	5,30	 	70,00	 	0,28	 	6,70	 	3,90	 
2022-01-30 02:01:00	MET_GARDEN	5,30	 	70,00	 	0,28	 	6,70	 	3,90	 
2022-01-30 02:02:00	MET_GARDEN	5,30	 	70,00	 	0,28	 	6,70	 	3,90	 
2022-01-30 02:03:00	MET_GARDEN	5,20	 	71,00	 	0,38	 	6,70	 	3,90	 
2022-01-30 02:04:00	MET_GARDEN	5,10	 	71,00	 	0,28	 	6,70	 	3,90	 
2022-01-30 02:05:00	MET_GARDEN	5,20	 	71,00	 	0,38	 	6,70	 	3,90	 
2022-01-30 02:06:00	MET_GARDEN	5,20	 	71,00	 	0,38	 	6,70	 	3,90	 
2022-01-30 02:07:00	MET_GARDEN	5,10	 	71,00	 	0,28	 	6,70	 	3,90	 
2022-01-30 02:08:00	MET_GARDEN	5,20	 	72,00	 	0,57	 	6,70	 	3,90	 
2022-01-30 02:09:00	MET_GARDEN	5,10	 	72,00	 	0,48	 	6,70	 	3,90	 
2022-01-30 02:10:00	MET_GARDEN	5,00	 	72,00	 	0,38	 	6,70	 	3,90	 
2022-01-30 02:11:00	MET_GARDEN	5,20	 	72,00	 	0,57	 	6,70	 	3,90	 
2022-01-30 02:12:00	MET_GARDEN	5,20	 	71,00	 	0,38	 	6,70	 	3,90	 
2022-01-30 02:13:00	MET_GARDEN	5,10	 	72,00	 	0,48	 	6,70	 	3,90	 
2022-01-30 02:14:00	MET_GARDEN	5,10	 	72,00	 	0,48	 	6,70	 	3,90	 
2022-01-30 02:15:00	MET_GARDEN	5,00	 	72,00	 	0,38	 	6,70	 	3,90	 
2022-01-30 02:16:00	MET_GARDEN	5,00	 	72,00	 	0,38	 	6,70	 	3,90	 
2022-01-30 02:17:00	MET_GARDEN	5,10	 	71,00	 	0,28	 	6,70	 	3,90	 
2022-01-30 02:18:00	MET_GARDEN	5,10	 	71,00	 	0,28	 	6,70	 	3,90	 
2022-01-30 02:19:00	MET_GARDEN	5,10	 	70,00	 	0,09	 	6,70	 	3,90	 
2022-01-30 02:20:00	MET_GARDEN	5,20	 	70,00	 	0,18	 	6,70	 	3,90	 
2022-01-30 02:21:00	MET_GARDEN	5,20	 	69,00	 	-0,01	 	6,70	 	3,90	 
2022-01-30 02:22:00	MET_GARDEN	5,10	 	69,00	 	-0,11	 	6,70	 	3,90	 
2022-01-30 02:23:00	MET_GARDEN	5,10	 	69,00	 	-0,11	 	6,70	 	3,90	 
2022-01-30 02:24:00	MET_GARDEN	5,10	 	69,00	 	-0,11	 	6,70	 	3,90	 
2022-01-30 02:25:00	MET_GARDEN	5,20	 	68,00	 	-0,21	 	6,70	 	3,90	 
2022-01-30 02:26:00	MET_GARDEN	5,20	 	67,00	 	-0,42	 	6,70	 	3,90	 
2022-01-30 02:27:00	MET_GARDEN	5,20	 	67,00	 	-0,42	 	6,70	 	3,90	 
2022-01-30 02:28:00	MET_GARDEN	5,20	 	66,00	 	-0,63	 	6,70	 	3,90	 
2022-01-30 02:29:00	MET_GARDEN	5,20	 	66,00	 	-0,63	 	6,70	 	3,90	 
2022-01-30 02:30:00	MET_GARDEN	5,30	 	66,00	 	-0,53	 	6,70	 	3,90	 
2022-01-30 02:31:00	MET_GARDEN	5,40	 	65,00	 	-0,64	 	6,70	 	3,90	 
2022-01-30 02:32:00	MET_GARDEN	5,50	 	64,00	 	-0,76	 	6,70	 	3,90	 
2022-01-30 02:33:00	MET_GARDEN	5,50	 	63,00	 	-0,98	 	6,70	 	3,90	 
2022-01-30 02:34:00	MET_GARDEN	5,50	 	63,00	 	-0,98	 	6,70	 	3,90	 
2022-01-30 02:35:00	MET_GARDEN	5,40	 	63,00	 	-1,07	 	6,70	 	3,90	 
2022-01-30 02:36:00	MET_GARDEN	5,40	 	64,00	 	-0,86	 	6,70	 	3,90	 
2022-01-30 02:37:00	MET_GARDEN	5,40	 	64,00	 	-0,86	 	6,70	 	3,90	 
2022-01-30 02:38:00	MET_GARDEN	5,50	 	63,00	 	-0,98	 	6,70	 	3,90	 
2022-01-30 02:39:00	MET_GARDEN	5,50	 	63,00	 	-0,98	 	6,70	 	3,90	 
2022-01-30 02:40:00	MET_GARDEN	5,50	 	64,00	 	-0,76	 	6,70	 	3,90	 
2022-01-30 02:41:00	MET_GARDEN	5,40	 	64,00	 	-0,86	 	6,70	 	3,90	 
2022-01-30 02:42:00	MET_GARDEN	5,50	 	64,00	 	-0,76	 	6,70	 	3,90	 
2022-01-30 02:43:00	MET_GARDEN	5,60	 	64,00	 	-0,66	 	6,70	 	3,90	 
2022-01-30 02:44:00	MET_GARDEN	5,60	 	64,00	 	-0,66	 	6,70	 	3,90	 
2022-01-30 02:45:00	MET_GARDEN	5,50	 	65,00	 	-0,55	 	6,70	 	3,90	 
2022-01-30 02:46:00	MET_GARDEN	5,50	 	65,00	 	-0,55	 	6,70	 	3,90	 
2022-01-30 02:47:00	MET_GARDEN	5,40	 	66,00	 	-0,43	 	6,70	 	3,90	 
2022-01-30 02:48:00	MET_GARDEN	5,30	 	67,00	 	-0,32	 	6,70	 	3,90	 
2022-01-30 02:49:00	MET_GARDEN	5,20	 	67,00	 	-0,42	 	6,70	 	3,90	 
2022-01-30 02:50:00	MET_GARDEN	5,10	 	68,00	 	-0,31	 	6,70	 	3,90	 
2022-01-30 02:51:00	MET_GARDEN	5,10	 	68,00	 	-0,31	 	6,70	 	3,90	 
2022-01-30 02:52:00	MET_GARDEN	5,10	 	68,00	 	-0,31	 	6,70	 	3,90	 
2022-01-30 02:53:00	MET_GARDEN	5,20	 	67,00	 	-0,42	 	6,70	 	3,90	 
2022-01-30 02:54:00	MET_GARDEN	5,20	 	66,00	 	-0,63	 	6,70	 	3,90	 
2022-01-30 02:55:00	MET_GARDEN	5,20	 	66,00	 	-0,63	 	6,70	 	3,90	 
2022-01-30 02:56:00	MET_GARDEN	5,20	 	65,00	 	-0,83	 	6,70	 	3,90	 
2022-01-30 02:57:00	MET_GARDEN	5,00	 	66,00	 	-0,82	 	6,70	 	3,90	 
2022-01-30 02:58:00	MET_GARDEN	4,90	 	67,00	 	-0,71	 	6,70	 	3,90	 
2022-01-30 02:59:00	MET_GARDEN	5,00	 	66,00	 	-0,82	 	6,70	 	3,90	 
2022-01-30 03:00:00	MET_GARDEN	5,10	 	66,00	 	-0,72	 	6,70	 	3,90	 
2022-01-30 03:01:00	MET_GARDEN	5,10	 	66,00	 	-0,72	 	6,70	 	3,90	 
2022-01-30 03:02:00	MET_GARDEN	5,00	 	66,00	 	-0,82	 	6,70	 	3,90	 
2022-01-30 03:03:00	MET_GARDEN	5,10	 	66,00	 	-0,72	 	6,70	 	3,90	 
2022-01-30 03:04:00	MET_GARDEN	5,10	 	66,00	 	-0,72	 	6,70	 	3,90	 
2022-01-30 03:05:00	MET_GARDEN	5,00	 	66,00	 	-0,82	 	6,70	 	3,90	 
2022-01-30 03:06:00	MET_GARDEN	5,00	 	67,00	 	-0,61	 	6,70	 	3,90	 
2022-01-30 03:07:00	MET_GARDEN	5,00	 	67,00	 	-0,61	 	6,70	 	3,90	 
2022-01-30 03:08:00	MET_GARDEN	4,90	 	67,00	 	-0,71	 	6,70	 	3,90	 
2022-01-30 03:09:00	MET_GARDEN	4,90	 	67,00	 	-0,71	 	6,70	 	3,90	 
2022-01-30 03:10:00	MET_GARDEN	5,00	 	67,00	 	-0,61	 	6,70	 	3,90	 
2022-01-30 03:11:00	MET_GARDEN	4,90	 	67,00	 	-0,71	 	6,70	 	3,90	 
2022-01-30 03:12:00	MET_GARDEN	4,80	 	68,00	 	-0,60	 	6,70	 	3,90	 
2022-01-30 03:13:00	MET_GARDEN	4,80	 	68,00	 	-0,60	 	6,70	 	3,90	 
2022-01-30 03:14:00	MET_GARDEN	4,80	 	68,00	 	-0,60	 	6,70	 	3,90	 
2022-01-30 03:15:00	MET_GARDEN	4,80	 	68,00	 	-0,60	 	6,70	 	3,90	 
2022-01-30 03:16:00	MET_GARDEN	4,80	 	68,00	 	-0,60	 	6,70	 	3,90	 
2022-01-30 03:17:00	MET_GARDEN	4,90	 	68,00	 	-0,50	 	6,70	 	3,90	 
2022-01-30 03:18:00	MET_GARDEN	4,90	 	67,00	 	-0,71	 	6,70	 	3,90	 
2022-01-30 03:19:00	MET_GARDEN	4,90	 	67,00	 	-0,71	 	6,70	 	3,90	 
2022-01-30 03:20:00	MET_GARDEN	4,90	 	68,00	 	-0,50	 	6,70	 	3,90	 
2022-01-30 03:21:00	MET_GARDEN	4,80	 	68,00	 	-0,60	 	6,70	 	3,90	 
2022-01-30 03:22:00	MET_GARDEN	4,80	 	68,00	 	-0,60	 	6,70	 	3,90	 
2022-01-30 03:23:00	MET_GARDEN	4,70	 	68,00	 	-0,70	 	6,70	 	3,90	 
2022-01-30 03:24:00	MET_GARDEN	4,70	 	68,00	 	-0,70	 	6,70	 	3,90	 
2022-01-30 03:25:00	MET_GARDEN	4,70	 	68,00	 	-0,70	 	6,70	 	3,90	 
2022-01-30 03:26:00	MET_GARDEN	4,60	 	68,00	 	-0,79	 	6,70	 	3,90	 
2022-01-30 03:27:00	MET_GARDEN	4,60	 	68,00	 	-0,79	 	6,70	 	3,90	 
2022-01-30 03:28:00	MET_GARDEN	4,60	 	68,00	 	-0,79	 	6,70	 	3,90	 
2022-01-30 03:29:00	MET_GARDEN	4,60	 	68,00	 	-0,79	 	6,70	 	3,90	 
2022-01-30 03:30:00	MET_GARDEN	4,60	 	68,00	 	-0,79	 	6,70	 	3,90	 
2022-01-30 03:31:00	MET_GARDEN	4,60	 	68,00	 	-0,79	 	6,70	 	3,90	 
2022-01-30 03:32:00	MET_GARDEN	4,60	 	68,00	 	-0,79	 	6,70	 	3,90	 
2022-01-30 03:33:00	MET_GARDEN	4,50	 	68,00	 	-0,89	 	6,70	 	3,90	 
2022-01-30 03:34:00	MET_GARDEN	4,50	 	68,00	 	-0,89	 	6,70	 	3,90	 
2022-01-30 03:35:00	MET_GARDEN	4,40	 	69,00	 	-0,78	 	6,70	 	3,90	 
2022-01-30 03:36:00	MET_GARDEN	4,40	 	69,00	 	-0,78	 	6,70	 	3,90	 
2022-01-30 03:37:00	MET_GARDEN	4,40	 	69,00	 	-0,78	 	6,70	 	3,90	 
2022-01-30 03:38:00	MET_GARDEN	4,30	 	69,00	 	-0,88	 	6,70	 	3,90	 
2022-01-30 03:39:00	MET_GARDEN	4,30	 	70,00	 	-0,68	 	6,70	 	3,90	 
2022-01-30 03:40:00	MET_GARDEN	4,20	 	70,00	 	-0,78	 	6,70	 	3,90	 
2022-01-30 03:41:00	MET_GARDEN	4,20	 	71,00	 	-0,58	 	6,70	 	3,90	 
2022-01-30 03:42:00	MET_GARDEN	4,20	 	71,00	 	-0,58	 	6,70	 	3,90	 
2022-01-30 03:43:00	MET_GARDEN	4,30	 	71,00	 	-0,49	 	6,70	 	3,90	 
2022-01-30 03:44:00	MET_GARDEN	4,30	 	71,00	 	-0,49	 	6,70	 	3,90	 
2022-01-30 03:45:00	MET_GARDEN	4,30	 	70,00	 	-0,68	 	6,70	 	3,90	 
2022-01-30 03:46:00	MET_GARDEN	4,30	 	70,00	 	-0,68	 	6,70	 	3,90	 
2022-01-30 03:47:00	MET_GARDEN	4,30	 	70,00	 	-0,68	 	6,70	 	3,90	 
2022-01-30 03:48:00	MET_GARDEN	4,20	 	71,00	 	-0,58	 	6,70	 	3,90	 
2022-01-30 03:49:00	MET_GARDEN	4,20	 	71,00	 	-0,58	 	6,70	 	3,90	 
2022-01-30 03:50:00	MET_GARDEN	4,20	 	71,00	 	-0,58	 	6,70	 	3,90	 
2022-01-30 03:51:00	MET_GARDEN	4,20	 	71,00	 	-0,58	 	6,70	 	3,90	 
2022-01-30 03:52:00	MET_GARDEN	4,10	 	72,00	 	-0,49	 	6,70	 	3,90	 
2022-01-30 03:53:00	MET_GARDEN	4,20	 	72,00	 	-0,39	 	6,70	 	3,90	 
2022-01-30 03:54:00	MET_GARDEN	4,10	 	72,00	 	-0,49	 	6,70	 	3,90	 
2022-01-30 03:55:00	MET_GARDEN	4,10	 	72,00	 	-0,49	 	6,70	 	3,90	 
2022-01-30 03:56:00	MET_GARDEN	4,00	 	73,00	 	-0,40	 	6,70	 	3,90	 
2022-01-30 03:57:00	MET_GARDEN	4,00	 	73,00	 	-0,40	 	6,70	 	3,90	 
2022-01-30 03:58:00	MET_GARDEN	4,10	 	73,00	 	-0,30	 	6,70	 	3,90	 
2022-01-30 03:59:00	MET_GARDEN	4,10	 	73,00	 	-0,30	 	6,70	 	3,90	 
2022-01-30 04:00:00	MET_GARDEN	4,10	 	73,00	 	-0,30	 	6,70	 	3,90	 
2022-01-30 04:01:00	MET_GARDEN	4,10	 	72,00	 	-0,49	 	6,70	 	3,90	 
2022-01-30 04:02:00	MET_GARDEN	4,10	 	72,00	 	-0,49	 	6,70	 	3,90	 
2022-01-30 04:03:00	MET_GARDEN	4,10	 	73,00	 	-0,30	 	6,70	 	3,90	 
2022-01-30 04:04:00	MET_GARDEN	4,00	 	73,00	 	-0,40	 	6,70	 	3,90	 
2022-01-30 04:05:00	MET_GARDEN	4,00	 	73,00	 	-0,40	 	6,70	 	3,90	 
2022-01-30 04:06:00	MET_GARDEN	4,00	 	74,00	 	-0,21	 	6,70	 	3,90	 
2022-01-30 04:07:00	MET_GARDEN	3,90	 	74,00	 	-0,31	 	6,70	 	3,90	 
2022-01-30 04:08:00	MET_GARDEN	3,90	 	75,00	 	-0,12	 	6,70	 	3,90	 
2022-01-30 04:09:00	MET_GARDEN	4,00	 	75,00	 	-0,02	 	6,70	 	3,90	 
2022-01-30 04:10:00	MET_GARDEN	4,10	 	74,00	 	-0,11	 	6,70	 	3,90	 
2022-01-30 04:11:00	MET_GARDEN	4,10	 	74,00	 	-0,11	 	6,70	 	3,90	 
2022-01-30 04:12:00	MET_GARDEN	4,00	 	75,00	 	-0,02	 	6,70	 	3,90	 
2022-01-30 04:13:00	MET_GARDEN	3,90	 	75,00	 	-0,12	 	6,70	 	3,90	 
2022-01-30 04:14:00	MET_GARDEN	4,00	 	75,00	 	-0,02	 	6,70	 	3,90	 
2022-01-30 04:15:00	MET_GARDEN	4,00	 	76,00	 	0,16	 	6,70	 	3,90	 
2022-01-30 04:16:00	MET_GARDEN	4,10	 	75,00	 	0,07	 	6,70	 	3,90	 
2022-01-30 04:17:00	MET_GARDEN	4,20	 	74,00	 	-0,02	 	6,70	 	3,90	 
2022-01-30 04:18:00	MET_GARDEN	4,30	 	74,00	 	0,08	 	6,70	 	3,90	 
2022-01-30 04:19:00	MET_GARDEN	4,40	 	73,00	 	-0,01	 	6,70	 	3,90	 
2022-01-30 04:20:00	MET_GARDEN	4,50	 	72,00	 	-0,10	 	6,70	 	3,90	 
2022-01-30 04:21:00	MET_GARDEN	4,40	 	71,00	 	-0,39	 	6,70	 	3,90	 
2022-01-30 04:22:00	MET_GARDEN	4,40	 	72,00	 	-0,20	 	6,70	 	3,90	 
2022-01-30 04:23:00	MET_GARDEN	4,30	 	72,00	 	-0,30	 	6,70	 	3,90	 
2022-01-30 04:24:00	MET_GARDEN	4,30	 	72,00	 	-0,30	 	6,70	 	3,90	 
2022-01-30 04:25:00	MET_GARDEN	4,20	 	72,00	 	-0,39	 	6,70	 	3,90	 
2022-01-30 04:26:00	MET_GARDEN	4,20	 	72,00	 	-0,39	 	6,70	 	3,90	 
2022-01-30 04:27:00	MET_GARDEN	4,20	 	72,00	 	-0,39	 	6,70	 	3,90	 
2022-01-30 04:28:00	MET_GARDEN	4,20	 	72,00	 	-0,39	 	6,70	 	3,90	 
2022-01-30 04:29:00	MET_GARDEN	4,20	 	72,00	 	-0,39	 	4,20	 	3,90	 
2022-01-30 04:30:00	MET_GARDEN	4,20	 	72,00	 	-0,39	 	4,20	 	3,90	 
2022-01-30 04:31:00	MET_GARDEN	4,20	 	72,00	 	-0,39	 	4,20	 	3,90	 
2022-01-30 04:32:00	MET_GARDEN	4,20	 	72,00	 	-0,39	 	4,20	 	3,90	 
2022-01-30 04:33:00	MET_GARDEN	4,40	 	72,00	 	-0,20	 	4,20	 	3,90	 
2022-01-30 04:34:00	MET_GARDEN	4,30	 	71,00	 	-0,49	 	4,40	 	3,90	 
2022-01-30 04:35:00	MET_GARDEN	4,30	 	71,00	 	-0,49	 	4,40	 	3,90	 
2022-01-30 04:36:00	MET_GARDEN	4,20	 	72,00	 	-0,39	 	4,40	 	3,90	 
2022-01-30 04:37:00	MET_GARDEN	4,20	 	72,00	 	-0,39	 	4,40	 	3,90	 
2022-01-30 04:38:00	MET_GARDEN	4,30	 	72,00	 	-0,30	 	4,40	 	3,90	 
2022-01-30 04:39:00	MET_GARDEN	4,30	 	71,00	 	-0,49	 	4,40	 	3,90	 
2022-01-30 04:40:00	MET_GARDEN	4,50	 	69,00	 	-0,69	 	4,40	 	3,90	 
2022-01-30 04:41:00	MET_GARDEN	4,60	 	67,00	 	-0,99	 	4,50	 	3,90	 
2022-01-30 04:42:00	MET_GARDEN	4,70	 	64,00	 	-1,52	 	4,60	 	3,90	 
2022-01-30 04:43:00	MET_GARDEN	4,70	 	62,00	 	-1,96	 	4,70	 	3,90	 
2022-01-30 04:44:00	MET_GARDEN	4,60	 	62,00	 	-2,05	 	4,70	 	3,90	 
2022-01-30 04:45:00	MET_GARDEN	4,70	 	61,00	 	-2,18	 	4,70	 	3,90	 
2022-01-30 04:46:00	MET_GARDEN	4,70	 	59,00	 	-2,63	 	4,70	 	3,90	 
2022-01-30 04:47:00	MET_GARDEN	4,70	 	58,00	 	-2,86	 	4,70	 	3,90	 
2022-01-30 04:48:00	MET_GARDEN	4,70	 	58,00	 	-2,86	 	4,70	 	3,90	 
2022-01-30 04:49:00	MET_GARDEN	4,80	 	57,00	 	-3,00	 	4,70	 	3,90	 
2022-01-30 04:50:00	MET_GARDEN	4,80	 	56,00	 	-3,24	 	4,80	 	3,90	 
2022-01-30 04:51:00	MET_GARDEN	4,70	 	56,00	 	-3,33	 	4,80	 	3,90	 
2022-01-30 04:52:00	MET_GARDEN	4,70	 	56,00	 	-3,33	 	4,80	 	3,90	 
2022-01-30 04:53:00	MET_GARDEN	4,60	 	56,00	 	-3,43	 	4,80	 	3,90	 
2022-01-30 04:54:00	MET_GARDEN	4,60	 	56,00	 	-3,43	 	4,80	 	3,90	 
2022-01-30 04:55:00	MET_GARDEN	4,60	 	55,00	 	-3,67	 	4,80	 	3,90	 
2022-01-30 04:56:00	MET_GARDEN	4,60	 	55,00	 	-3,67	 	4,80	 	3,90	 
2022-01-30 04:57:00	MET_GARDEN	4,60	 	55,00	 	-3,67	 	4,80	 	3,90	 
2022-01-30 04:58:00	MET_GARDEN	4,60	 	55,00	 	-3,67	 	4,80	 	3,90	 
2022-01-30 04:59:00	MET_GARDEN	4,70	 	55,00	 	-3,58	 	4,80	 	3,90	 
2022-01-30 05:00:00	MET_GARDEN	4,50	 	55,00	 	-3,76	 	4,80	 	3,90	 
2022-01-30 05:01:00	MET_GARDEN	4,40	 	56,00	 	-3,62	 	4,80	 	3,90	 
2022-01-30 05:02:00	MET_GARDEN	4,40	 	56,00	 	-3,62	 	4,80	 	3,90	 
2022-01-30 05:03:00	MET_GARDEN	4,50	 	56,00	 	-3,52	 	4,80	 	3,90	 
2022-01-30 05:04:00	MET_GARDEN	4,50	 	56,00	 	-3,52	 	4,80	 	3,90	 
2022-01-30 05:05:00	MET_GARDEN	4,50	 	56,00	 	-3,52	 	4,80	 	3,90	 
2022-01-30 05:06:00	MET_GARDEN	4,50	 	56,00	 	-3,52	 	4,80	 	3,90	 
2022-01-30 05:07:00	MET_GARDEN	4,30	 	57,00	 	-3,47	 	4,80	 	3,90	 
2022-01-30 05:08:00	MET_GARDEN	4,30	 	57,00	 	-3,47	 	4,80	 	3,90	 
2022-01-30 05:09:00	MET_GARDEN	4,30	 	58,00	 	-3,24	 	4,80	 	3,90	 
2022-01-30 05:10:00	MET_GARDEN	4,30	 	57,00	 	-3,47	 	4,80	 	3,90	 
2022-01-30 05:11:00	MET_GARDEN	4,30	 	57,00	 	-3,47	 	4,80	 	3,90	 
2022-01-30 05:12:00	MET_GARDEN	4,40	 	57,00	 	-3,38	 	4,80	 	3,90	 
2022-01-30 05:13:00	MET_GARDEN	4,30	 	57,00	 	-3,47	 	4,80	 	3,90	 
2022-01-30 05:14:00	MET_GARDEN	4,30	 	57,00	 	-3,47	 	4,80	 	3,90	 
2022-01-30 05:15:00	MET_GARDEN	4,30	 	57,00	 	-3,47	 	4,80	 	3,90	 
2022-01-30 05:16:00	MET_GARDEN	4,30	 	57,00	 	-3,47	 	4,80	 	3,90	 
2022-01-30 05:17:00	MET_GARDEN	4,40	 	57,00	 	-3,38	 	4,80	 	3,90	 
2022-01-30 05:18:00	MET_GARDEN	4,30	 	57,00	 	-3,47	 	4,80	 	3,90	 
2022-01-30 05:19:00	MET_GARDEN	4,20	 	58,00	 	-3,33	 	4,80	 	3,90	 
2022-01-30 05:20:00	MET_GARDEN	4,20	 	58,00	 	-3,33	 	4,80	 	3,90	 
2022-01-30 05:21:00	MET_GARDEN	4,20	 	58,00	 	-3,33	 	4,80	 	3,90	 
2022-01-30 05:22:00	MET_GARDEN	4,40	 	57,00	 	-3,38	 	4,80	 	3,90	 
2022-01-30 05:23:00	MET_GARDEN	4,40	 	56,00	 	-3,62	 	4,80	 	3,90	 
2022-01-30 05:24:00	MET_GARDEN	4,30	 	57,00	 	-3,47	 	4,80	 	3,90	 
2022-01-30 05:25:00	MET_GARDEN	4,20	 	58,00	 	-3,33	 	4,80	 	3,90	 
2022-01-30 05:26:00	MET_GARDEN	4,20	 	58,00	 	-3,33	 	4,80	 	3,90	 
2022-01-30 05:27:00	MET_GARDEN	4,10	 	59,00	 	-3,20	 	4,80	 	3,90	 
2022-01-30 05:28:00	MET_GARDEN	4,20	 	59,00	 	-3,10	 	4,80	 	3,90	 
2022-01-30 05:29:00	MET_GARDEN	4,20	 	58,00	 	-3,33	 	4,80	 	3,90	 
2022-01-30 05:30:00	MET_GARDEN	4,20	 	58,00	 	-3,33	 	4,80	 	3,90	 
2022-01-30 05:31:00	MET_GARDEN	4,30	 	58,00	 	-3,24	 	4,80	 	3,90	 
2022-01-30 05:32:00	MET_GARDEN	4,20	 	59,00	 	-3,10	 	4,80	 	3,90	 
2022-01-30 05:33:00	MET_GARDEN	4,10	 	59,00	 	-3,20	 	4,80	 	3,90	 
2022-01-30 05:34:00	MET_GARDEN	4,10	 	60,00	 	-2,97	 	4,80	 	3,90	 
2022-01-30 05:35:00	MET_GARDEN	4,10	 	60,00	 	-2,97	 	4,80	 	3,90	 
2022-01-30 05:36:00	MET_GARDEN	4,10	 	60,00	 	-2,97	 	4,80	 	3,90	 
2022-01-30 05:37:00	MET_GARDEN	4,10	 	60,00	 	-2,97	 	4,80	 	3,90	 
2022-01-30 05:38:00	MET_GARDEN	4,20	 	60,00	 	-2,88	 	4,80	 	3,90	 
2022-01-30 05:39:00	MET_GARDEN	4,10	 	60,00	 	-2,97	 	4,80	 	3,90	 
2022-01-30 05:40:00	MET_GARDEN	4,10	 	60,00	 	-2,97	 	4,80	 	3,90	 
2022-01-30 05:41:00	MET_GARDEN	4,20	 	59,00	 	-3,10	 	4,80	 	3,90	 
2022-01-30 05:42:00	MET_GARDEN	4,20	 	59,00	 	-3,10	 	4,80	 	3,90	 
2022-01-30 05:43:00	MET_GARDEN	4,20	 	59,00	 	-3,10	 	4,80	 	3,90	 
2022-01-30 05:44:00	MET_GARDEN	4,10	 	60,00	 	-2,97	 	4,80	 	3,90	 
2022-01-30 05:45:00	MET_GARDEN	4,10	 	60,00	 	-2,97	 	4,80	 	3,90	 
2022-01-30 05:46:00	MET_GARDEN	4,20	 	59,00	 	-3,10	 	4,80	 	3,90	 
2022-01-30 05:47:00	MET_GARDEN	4,30	 	59,00	 	-3,01	 	4,80	 	3,90	 
2022-01-30 05:48:00	MET_GARDEN	4,20	 	59,00	 	-3,10	 	4,80	 	3,90	 
2022-01-30 05:49:00	MET_GARDEN	4,20	 	59,00	 	-3,10	 	4,80	 	3,90	 
2022-01-30 05:50:00	MET_GARDEN	4,20	 	59,00	 	-3,10	 	4,80	 	3,90	 
2022-01-30 05:51:00	MET_GARDEN	4,30	 	58,00	 	-3,24	 	4,80	 	3,90	 
2022-01-30 05:52:00	MET_GARDEN	4,40	 	57,00	 	-3,38	 	4,80	 	3,90	 
2022-01-30 05:53:00	MET_GARDEN	4,40	 	57,00	 	-3,38	 	4,80	 	3,90	 
2022-01-30 05:54:00	MET_GARDEN	4,30	 	57,00	 	-3,47	 	4,80	 	3,90	 
2022-01-30 05:55:00	MET_GARDEN	4,30	 	58,00	 	-3,24	 	4,80	 	3,90	 
2022-01-30 05:56:00	MET_GARDEN	4,20	 	58,00	 	-3,33	 	4,80	 	3,90	 
2022-01-30 05:57:00	MET_GARDEN	4,30	 	58,00	 	-3,24	 	4,80	 	3,90	 
2022-01-30 05:58:00	MET_GARDEN	4,40	 	57,00	 	-3,38	 	4,80	 	3,90	 
2022-01-30 05:59:00	MET_GARDEN	4,30	 	57,00	 	-3,47	 	4,80	 	3,90	 
2022-01-30 06:00:00	MET_GARDEN	4,30	 	58,00	 	-3,24	 	4,80	 	3,90	 
2022-01-30 06:01:00	MET_GARDEN	4,30	 	58,00	 	-3,24	 	4,80	 	3,90	 
2022-01-30 06:02:00	MET_GARDEN	4,40	 	57,00	 	-3,38	 	4,80	 	3,90	 
2022-01-30 06:03:00	MET_GARDEN	4,30	 	57,00	 	-3,47	 	4,80	 	3,90	 
2022-01-30 06:04:00	MET_GARDEN	4,10	 	58,00	 	-3,43	 	4,80	 	3,90	 
2022-01-30 06:05:00	MET_GARDEN	4,10	 	59,00	 	-3,20	 	4,80	 	3,90	 
2022-01-30 06:06:00	MET_GARDEN	4,10	 	59,00	 	-3,20	 	4,80	 	3,90	 
2022-01-30 06:07:00	MET_GARDEN	4,20	 	59,00	 	-3,10	 	4,80	 	3,90	 
2022-01-30 06:08:00	MET_GARDEN	4,10	 	59,00	 	-3,20	 	4,80	 	3,90	 
2022-01-30 06:09:00	MET_GARDEN	4,10	 	59,00	 	-3,20	 	4,80	 	3,90	 
2022-01-30 06:10:00	MET_GARDEN	4,10	 	59,00	 	-3,20	 	4,80	 	3,90	 
2022-01-30 06:11:00	MET_GARDEN	4,00	 	60,00	 	-3,07	 	4,80	 	3,90	 
2022-01-30 06:12:00	MET_GARDEN	4,10	 	60,00	 	-2,97	 	4,80	 	3,90	 
2022-01-30 06:13:00	MET_GARDEN	4,10	 	60,00	 	-2,97	 	4,80	 	3,90	 
2022-01-30 06:14:00	MET_GARDEN	4,20	 	59,00	 	-3,10	 	4,80	 	3,90	 
2022-01-30 06:15:00	MET_GARDEN	4,20	 	59,00	 	-3,10	 	4,80	 	3,90	 
2022-01-30 06:16:00	MET_GARDEN	4,10	 	59,00	 	-3,20	 	4,80	 	3,90	 
2022-01-30 06:17:00	MET_GARDEN	4,00	 	60,00	 	-3,07	 	4,80	 	3,90	 
2022-01-30 06:18:00	MET_GARDEN	4,00	 	60,00	 	-3,07	 	4,80	 	3,90	 
2022-01-30 06:19:00	MET_GARDEN	4,10	 	60,00	 	-2,97	 	4,80	 	3,90	 
2022-01-30 06:20:00	MET_GARDEN	4,10	 	60,00	 	-2,97	 	4,80	 	3,90	 
2022-01-30 06:21:00	MET_GARDEN	4,10	 	59,00	 	-3,20	 	4,80	 	3,90	 
2022-01-30 06:22:00	MET_GARDEN	4,10	 	60,00	 	-2,97	 	4,80	 	3,90	 
2022-01-30 06:23:00	MET_GARDEN	4,10	 	60,00	 	-2,97	 	4,80	 	3,90	 
2022-01-30 06:24:00	MET_GARDEN	4,10	 	60,00	 	-2,97	 	4,80	 	3,90	 
2022-01-30 06:25:00	MET_GARDEN	4,00	 	60,00	 	-3,07	 	4,80	 	3,90	 
2022-01-30 06:26:00	MET_GARDEN	3,90	 	61,00	 	-2,94	 	4,80	 	3,90	 
2022-01-30 06:27:00	MET_GARDEN	3,90	 	62,00	 	-2,72	 	4,80	 	3,90	 
2022-01-30 06:28:00	MET_GARDEN	4,00	 	62,00	 	-2,62	 	4,80	 	3,90	 
2022-01-30 06:29:00	MET_GARDEN	3,90	 	62,00	 	-2,72	 	4,80	 	3,90	 
2022-01-30 06:30:00	MET_GARDEN	4,00	 	62,00	 	-2,62	 	4,80	 	3,90	 
2022-01-30 06:31:00	MET_GARDEN	4,00	 	62,00	 	-2,62	 	4,80	 	3,90	 
2022-01-30 06:32:00	MET_GARDEN	3,80	 	63,00	 	-2,60	 	4,80	 	3,80	 
2022-01-30 06:33:00	MET_GARDEN	3,90	 	63,00	 	-2,50	 	4,80	 	3,80	 
2022-01-30 06:34:00	MET_GARDEN	3,80	 	63,00	 	-2,60	 	4,80	 	3,80	 
2022-01-30 06:35:00	MET_GARDEN	3,80	 	63,00	 	-2,60	 	4,80	 	3,80	 
2022-01-30 06:36:00	MET_GARDEN	3,80	 	64,00	 	-2,39	 	4,80	 	3,80	 
2022-01-30 06:37:00	MET_GARDEN	3,90	 	63,00	 	-2,50	 	4,80	 	3,80	 
2022-01-30 06:38:00	MET_GARDEN	4,00	 	62,00	 	-2,62	 	4,80	 	3,80	 
2022-01-30 06:39:00	MET_GARDEN	3,90	 	62,00	 	-2,72	 	4,80	 	3,80	 
2022-01-30 06:40:00	MET_GARDEN	3,80	 	63,00	 	-2,60	 	4,80	 	3,80	 
2022-01-30 06:41:00	MET_GARDEN	3,80	 	63,00	 	-2,60	 	4,80	 	3,80	 
2022-01-30 06:42:00	MET_GARDEN	3,80	 	63,00	 	-2,60	 	4,80	 	3,80	 
2022-01-30 06:43:00	MET_GARDEN	3,90	 	63,00	 	-2,50	 	4,80	 	3,80	 
2022-01-30 06:44:00	MET_GARDEN	4,00	 	62,00	 	-2,62	 	4,80	 	3,80	 
2022-01-30 06:45:00	MET_GARDEN	4,00	 	62,00	 	-2,62	 	4,80	 	3,80	 
2022-01-30 06:46:00	MET_GARDEN	4,00	 	62,00	 	-2,62	 	4,80	 	3,80	 
2022-01-30 06:47:00	MET_GARDEN	4,00	 	61,00	 	-2,84	 	4,80	 	3,80	 
2022-01-30 06:48:00	MET_GARDEN	4,00	 	61,00	 	-2,84	 	4,80	 	3,80	 
2022-01-30 06:49:00	MET_GARDEN	4,00	 	61,00	 	-2,84	 	4,80	 	3,80	 
2022-01-30 06:50:00	MET_GARDEN	4,00	 	61,00	 	-2,84	 	4,80	 	3,80	 
2022-01-30 06:51:00	MET_GARDEN	4,00	 	61,00	 	-2,84	 	4,80	 	3,80	 
2022-01-30 06:52:00	MET_GARDEN	4,10	 	61,00	 	-2,75	 	4,80	 	3,80	 
2022-01-30 06:53:00	MET_GARDEN	4,10	 	61,00	 	-2,75	 	4,80	 	3,80	 
2022-01-30 06:54:00	MET_GARDEN	4,10	 	60,00	 	-2,97	 	4,80	 	3,80	 
2022-01-30 06:55:00	MET_GARDEN	4,20	 	59,00	 	-3,10	 	4,80	 	3,80	 
2022-01-30 06:56:00	MET_GARDEN	4,20	 	59,00	 	-3,10	 	4,80	 	3,80	 
2022-01-30 06:57:00	MET_GARDEN	4,10	 	60,00	 	-2,97	 	4,80	 	3,80	 
2022-01-30 06:58:00	MET_GARDEN	4,10	 	60,00	 	-2,97	 	4,80	 	3,80	 
2022-01-30 06:59:00	MET_GARDEN	4,10	 	60,00	 	-2,97	 	4,80	 	3,80	 
2022-01-30 07:00:00	MET_GARDEN	4,10	 	60,00	 	-2,97	 	4,80	 	3,80	 
2022-01-30 07:01:00	MET_GARDEN	4,10	 	60,00	 	-2,97	 	4,80	 	3,80	 
2022-01-30 07:02:00	MET_GARDEN	4,10	 	60,00	 	-2,97	 	4,80	 	3,80	 
2022-01-30 07:03:00	MET_GARDEN	4,10	 	60,00	 	-2,97	 	4,80	 	3,80	 
2022-01-30 07:04:00	MET_GARDEN	4,10	 	60,00	 	-2,97	 	4,80	 	3,80	 
2022-01-30 07:05:00	MET_GARDEN	4,00	 	60,00	 	-3,07	 	4,80	 	3,80	 
2022-01-30 07:06:00	MET_GARDEN	4,00	 	61,00	 	-2,84	 	4,80	 	3,80	 
2022-01-30 07:07:00	MET_GARDEN	4,00	 	61,00	 	-2,84	 	4,80	 	3,80	 
2022-01-30 07:08:00	MET_GARDEN	4,00	 	61,00	 	-2,84	 	4,80	 	3,80	 
2022-01-30 07:09:00	MET_GARDEN	4,00	 	60,00	 	-3,07	 	4,80	 	3,80	 
2022-01-30 07:10:00	MET_GARDEN	4,10	 	60,00	 	-2,97	 	4,80	 	3,80	 
2022-01-30 07:11:00	MET_GARDEN	4,00	 	60,00	 	-3,07	 	4,80	 	3,80	 
2022-01-30 07:12:00	MET_GARDEN	4,00	 	60,00	 	-3,07	 	4,80	 	3,80	 
2022-01-30 07:13:00	MET_GARDEN	4,00	 	60,00	 	-3,07	 	4,80	 	3,80	 
2022-01-30 07:14:00	MET_GARDEN	3,90	 	61,00	 	-2,94	 	4,80	 	3,80	 
2022-01-30 07:15:00	MET_GARDEN	3,90	 	61,00	 	-2,94	 	4,80	 	3,80	 
2022-01-30 07:16:00	MET_GARDEN	3,90	 	61,00	 	-2,94	 	4,80	 	3,80	 
2022-01-30 07:17:00	MET_GARDEN	4,00	 	61,00	 	-2,84	 	4,80	 	3,80	 
2022-01-30 07:18:00	MET_GARDEN	4,00	 	61,00	 	-2,84	 	4,80	 	3,80	 
2022-01-30 07:19:00	MET_GARDEN	4,00	 	60,00	 	-3,07	 	4,80	 	3,80	 
2022-01-30 07:20:00	MET_GARDEN	3,90	 	61,00	 	-2,94	 	4,80	 	3,80	 
2022-01-30 07:21:00	MET_GARDEN	3,90	 	61,00	 	-2,94	 	4,80	 	3,80	 
2022-01-30 07:22:00	MET_GARDEN	3,90	 	61,00	 	-2,94	 	4,80	 	3,80	 
2022-01-30 07:23:00	MET_GARDEN	3,80	 	62,00	 	-2,81	 	4,80	 	3,80	 
2022-01-30 07:24:00	MET_GARDEN	3,80	 	62,00	 	-2,81	 	4,80	 	3,80	 
2022-01-30 07:25:00	MET_GARDEN	4,00	 	60,00	 	-3,07	 	4,80	 	3,80	 
2022-01-30 07:26:00	MET_GARDEN	4,10	 	60,00	 	-2,97	 	4,80	 	3,80	 
2022-01-30 07:27:00	MET_GARDEN	4,00	 	60,00	 	-3,07	 	4,80	 	3,80	 
2022-01-30 07:28:00	MET_GARDEN	4,00	 	60,00	 	-3,07	 	4,80	 	3,80	 
2022-01-30 07:29:00	MET_GARDEN	4,00	 	60,00	 	-3,07	 	4,80	 	3,80	 
2022-01-30 07:30:00	MET_GARDEN	4,00	 	60,00	 	-3,07	 	4,80	 	3,80	 
2022-01-30 07:31:00	MET_GARDEN	3,90	 	61,00	 	-2,94	 	4,80	 	3,80	 
2022-01-30 07:32:00	MET_GARDEN	4,00	 	60,00	 	-3,07	 	4,80	 	3,80	 
2022-01-30 07:33:00	MET_GARDEN	4,00	 	60,00	 	-3,07	 	4,80	 	3,80	 
2022-01-30 07:34:00	MET_GARDEN	4,00	 	60,00	 	-3,07	 	4,80	 	3,80	 
2022-01-30 07:35:00	MET_GARDEN	4,00	 	61,00	 	-2,84	 	4,80	 	3,80	 
2022-01-30 07:36:00	MET_GARDEN	4,00	 	61,00	 	-2,84	 	4,80	 	3,80	 
2022-01-30 07:37:00	MET_GARDEN	4,00	 	60,00	 	-3,07	 	4,80	 	3,80	 
2022-01-30 07:38:00	MET_GARDEN	4,10	 	60,00	 	-2,97	 	4,80	 	3,80	 
2022-01-30 07:39:00	MET_GARDEN	4,10	 	59,00	 	-3,20	 	4,80	 	3,80	 
2022-01-30 07:40:00	MET_GARDEN	4,10	 	59,00	 	-3,20	 	4,80	 	3,80	 
2022-01-30 07:41:00	MET_GARDEN	4,10	 	59,00	 	-3,20	 	4,80	 	3,80	 
2022-01-30 07:42:00	MET_GARDEN	4,10	 	59,00	 	-3,20	 	4,80	 	3,80	 
2022-01-30 07:43:00	MET_GARDEN	4,20	 	59,00	 	-3,10	 	4,80	 	3,80	 
2022-01-30 07:44:00	MET_GARDEN	4,20	 	58,00	 	-3,33	 	4,80	 	3,80	 
2022-01-30 07:45:00	MET_GARDEN	4,20	 	58,00	 	-3,33	 	4,80	 	3,80	 
2022-01-30 07:46:00	MET_GARDEN	4,30	 	58,00	 	-3,24	 	4,80	 	3,80	 
2022-01-30 07:47:00	MET_GARDEN	4,30	 	58,00	 	-3,24	 	4,80	 	3,80	 
2022-01-30 07:48:00	MET_GARDEN	4,30	 	58,00	 	-3,24	 	4,80	 	3,80	 
2022-01-30 07:49:00	MET_GARDEN	4,30	 	58,00	 	-3,24	 	4,80	 	3,80	 
2022-01-30 07:50:00	MET_GARDEN	4,20	 	58,00	 	-3,33	 	4,80	 	3,80	 
2022-01-30 07:51:00	MET_GARDEN	4,30	 	58,00	 	-3,24	 	4,80	 	3,80	 
2022-01-30 07:52:00	MET_GARDEN	4,20	 	58,00	 	-3,33	 	4,80	 	3,80	 
2022-01-30 07:53:00	MET_GARDEN	4,30	 	58,00	 	-3,24	 	4,80	 	3,80	 
2022-01-30 07:54:00	MET_GARDEN	4,30	 	58,00	 	-3,24	 	4,80	 	3,80	 
2022-01-30 07:55:00	MET_GARDEN	4,30	 	58,00	 	-3,24	 	4,80	 	3,80	 
2022-01-30 07:56:00	MET_GARDEN	4,30	 	58,00	 	-3,24	 	4,80	 	3,80	 
2022-01-30 07:57:00	MET_GARDEN	4,20	 	59,00	 	-3,10	 	4,80	 	3,80	 
2022-01-30 07:58:00	MET_GARDEN	4,20	 	59,00	 	-3,10	 	4,80	 	3,80	 
2022-01-30 07:59:00	MET_GARDEN	4,30	 	58,00	 	-3,24	 	4,80	 	3,80	 
2022-01-30 08:00:00	MET_GARDEN	4,30	 	58,00	 	-3,24	 	4,80	 	3,80	 
2022-01-30 08:01:00	MET_GARDEN	4,30	 	58,00	 	-3,24	 	4,80	 	3,80	 
2022-01-30 08:02:00	MET_GARDEN	4,30	 	58,00	 	-3,24	 	4,80	 	3,80	 
2022-01-30 08:03:00	MET_GARDEN	4,30	 	57,00	 	-3,47	 	4,80	 	3,80	 
2022-01-30 08:04:00	MET_GARDEN	4,30	 	57,00	 	-3,47	 	4,80	 	3,80	 
2022-01-30 08:05:00	MET_GARDEN	4,30	 	57,00	 	-3,47	 	4,80	 	3,80	 
2022-01-30 08:06:00	MET_GARDEN	4,30	 	57,00	 	-3,47	 	4,80	 	3,80	 
2022-01-30 08:07:00	MET_GARDEN	4,30	 	58,00	 	-3,24	 	4,80	 	3,80	 
2022-01-30 08:08:00	MET_GARDEN	4,30	 	58,00	 	-3,24	 	4,80	 	3,80	 
2022-01-30 08:09:00	MET_GARDEN	4,20	 	58,00	 	-3,33	 	4,80	 	3,80	 
2022-01-30 08:10:00	MET_GARDEN	4,20	 	59,00	 	-3,10	 	4,80	 	3,80	 
2022-01-30 08:11:00	MET_GARDEN	4,20	 	59,00	 	-3,10	 	4,80	 	3,80	 
2022-01-30 08:12:00	MET_GARDEN	4,20	 	59,00	 	-3,10	 	4,80	 	3,80	 
2022-01-30 08:13:00	MET_GARDEN	4,20	 	59,00	 	-3,10	 	4,80	 	3,80	 
2022-01-30 08:14:00	MET_GARDEN	4,20	 	59,00	 	-3,10	 	4,80	 	3,80	 
2022-01-30 08:15:00	MET_GARDEN	4,20	 	59,00	 	-3,10	 	4,80	 	3,80	 
2022-01-30 08:16:00	MET_GARDEN	4,20	 	59,00	 	-3,10	 	4,80	 	3,80	 
2022-01-30 08:17:00	MET_GARDEN	4,20	 	59,00	 	-3,10	 	4,80	 	3,80	 
2022-01-30 08:18:00	MET_GARDEN	4,20	 	59,00	 	-3,10	 	4,80	 	3,80	 
2022-01-30 08:19:00	MET_GARDEN	4,20	 	59,00	 	-3,10	 	4,80	 	3,80	 
2022-01-30 08:20:00	MET_GARDEN	4,30	 	58,00	 	-3,24	 	4,80	 	3,80	 
2022-01-30 08:21:00	MET_GARDEN	4,30	 	58,00	 	-3,24	 	4,80	 	3,80	 
2022-01-30 08:22:00	MET_GARDEN	4,30	 	58,00	 	-3,24	 	4,80	 	3,80	 
2022-01-30 08:23:00	MET_GARDEN	4,40	 	57,00	 	-3,38	 	4,80	 	3,80	 
2022-01-30 08:24:00	MET_GARDEN	4,30	 	58,00	 	-3,24	 	4,80	 	3,80	 
2022-01-30 08:25:00	MET_GARDEN	4,30	 	58,00	 	-3,24	 	4,80	 	3,80	 
2022-01-30 08:26:00	MET_GARDEN	4,30	 	58,00	 	-3,24	 	4,80	 	3,80	 
2022-01-30 08:27:00	MET_GARDEN	4,30	 	58,00	 	-3,24	 	4,80	 	3,80	 
2022-01-30 08:28:00	MET_GARDEN	4,30	 	58,00	 	-3,24	 	4,80	 	3,80	 
2022-01-30 08:29:00	MET_GARDEN	4,40	 	57,00	 	-3,38	 	4,80	 	3,80	 
2022-01-30 08:30:00	MET_GARDEN	4,30	 	58,00	 	-3,24	 	4,80	 	3,80	 
2022-01-30 08:31:00	MET_GARDEN	4,40	 	57,00	 	-3,38	 	4,80	 	3,80	 
2022-01-30 08:32:00	MET_GARDEN	4,40	 	57,00	 	-3,38	 	4,80	 	3,80	 
2022-01-30 08:33:00	MET_GARDEN	4,40	 	57,00	 	-3,38	 	4,80	 	3,80	 
2022-01-30 08:34:00	MET_GARDEN	4,40	 	57,00	 	-3,38	 	4,80	 	3,80	 
2022-01-30 08:35:00	MET_GARDEN	4,40	 	57,00	 	-3,38	 	4,80	 	3,80	 
2022-01-30 08:36:00	MET_GARDEN	4,40	 	57,00	 	-3,38	 	4,80	 	3,80	 
2022-01-30 08:37:00	MET_GARDEN	4,40	 	57,00	 	-3,38	 	4,80	 	3,80	 
2022-01-30 08:38:00	MET_GARDEN	4,30	 	58,00	 	-3,24	 	4,80	 	3,80	 
2022-01-30 08:39:00	MET_GARDEN	4,40	 	57,00	 	-3,38	 	4,80	 	3,80	 
2022-01-30 08:40:00	MET_GARDEN	4,40	 	57,00	 	-3,38	 	4,80	 	3,80	 
2022-01-30 08:41:00	MET_GARDEN	4,40	 	57,00	 	-3,38	 	4,80	 	3,80	 
2022-01-30 08:42:00	MET_GARDEN	4,40	 	57,00	 	-3,38	 	4,80	 	3,80	 
2022-01-30 08:43:00	MET_GARDEN	4,40	 	57,00	 	-3,38	 	4,80	 	3,80	 
2022-01-30 08:44:00	MET_GARDEN	4,50	 	56,00	 	-3,52	 	4,80	 	3,80	 
2022-01-30 08:45:00	MET_GARDEN	4,50	 	56,00	 	-3,52	 	4,80	 	3,80	 
2022-01-30 08:46:00	MET_GARDEN	4,50	 	56,00	 	-3,52	 	4,80	 	3,80	 
2022-01-30 08:47:00	MET_GARDEN	4,40	 	57,00	 	-3,38	 	4,80	 	3,80	 
2022-01-30 08:48:00	MET_GARDEN	4,40	 	57,00	 	-3,38	 	4,80	 	3,80	 
2022-01-30 08:49:00	MET_GARDEN	4,50	 	57,00	 	-3,28	 	4,80	 	3,80	 
2022-01-30 08:50:00	MET_GARDEN	4,50	 	57,00	 	-3,28	 	4,80	 	3,80	 
2022-01-30 08:51:00	MET_GARDEN	4,40	 	57,00	 	-3,38	 	4,80	 	3,80	 
2022-01-30 08:52:00	MET_GARDEN	4,40	 	57,00	 	-3,38	 	4,80	 	3,80	 
2022-01-30 08:53:00	MET_GARDEN	4,40	 	57,00	 	-3,38	 	4,80	 	3,80	 
2022-01-30 08:54:00	MET_GARDEN	4,40	 	57,00	 	-3,38	 	4,80	 	3,80	 
2022-01-30 08:55:00	MET_GARDEN	4,40	 	57,00	 	-3,38	 	4,80	 	3,80	 
2022-01-30 08:56:00	MET_GARDEN	4,50	 	57,00	 	-3,28	 	4,80	 	3,80	 
2022-01-30 08:57:00	MET_GARDEN	4,50	 	57,00	 	-3,28	 	4,80	 	3,80	 
2022-01-30 08:58:00	MET_GARDEN	4,40	 	57,00	 	-3,38	 	4,80	 	3,80	 
2022-01-30 08:59:00	MET_GARDEN	4,40	 	57,00	 	-3,38	 	4,80	 	3,80	 
2022-01-30 09:00:00	MET_GARDEN	4,40	 	57,00	 	-3,38	 	4,80	 	3,80	 
2022-01-30 09:01:00	MET_GARDEN	4,40	 	57,00	 	-3,38	 	4,80	 	3,80	 
2022-01-30 09:02:00	MET_GARDEN	4,40	 	57,00	 	-3,38	 	4,80	 	3,80	 
2022-01-30 09:03:00	MET_GARDEN	4,40	 	57,00	 	-3,38	 	4,80	 	3,80	 
2022-01-30 09:04:00	MET_GARDEN	4,50	 	57,00	 	-3,28	 	4,80	 	3,80	 
2022-01-30 09:05:00	MET_GARDEN	4,40	 	57,00	 	-3,38	 	4,80	 	3,80	 
2022-01-30 09:06:00	MET_GARDEN	4,50	 	56,00	 	-3,52	 	4,80	 	3,80	 
2022-01-30 09:07:00	MET_GARDEN	4,50	 	56,00	 	-3,52	 	4,80	 	3,80	 
2022-01-30 09:08:00	MET_GARDEN	4,40	 	56,00	 	-3,62	 	4,80	 	3,80	 
2022-01-30 09:09:00	MET_GARDEN	4,40	 	56,00	 	-3,62	 	4,80	 	3,80	 
2022-01-30 09:10:00	MET_GARDEN	4,40	 	57,00	 	-3,38	 	4,80	 	3,80	 
2022-01-30 09:11:00	MET_GARDEN	4,40	 	57,00	 	-3,38	 	4,80	 	3,80	 
2022-01-30 09:12:00	MET_GARDEN	4,40	 	57,00	 	-3,38	 	4,80	 	3,80	 
2022-01-30 09:13:00	MET_GARDEN	4,40	 	57,00	 	-3,38	 	4,80	 	3,80	 
2022-01-30 09:14:00	MET_GARDEN	4,40	 	58,00	 	-3,14	 	4,80	 	3,80	 
2022-01-30 09:15:00	MET_GARDEN	4,40	 	57,00	 	-3,38	 	4,80	 	3,80	 
2022-01-30 09:16:00	MET_GARDEN	4,40	 	57,00	 	-3,38	 	4,80	 	3,80	 
2022-01-30 09:17:00	MET_GARDEN	4,40	 	56,00	 	-3,62	 	4,80	 	3,80	 
2022-01-30 09:18:00	MET_GARDEN	4,40	 	56,00	 	-3,62	 	4,80	 	3,80	 
2022-01-30 09:19:00	MET_GARDEN	4,40	 	56,00	 	-3,62	 	4,80	 	3,80	 
2022-01-30 09:20:00	MET_GARDEN	4,40	 	56,00	 	-3,62	 	4,80	 	3,80	 
2022-01-30 09:21:00	MET_GARDEN	4,40	 	56,00	 	-3,62	 	4,80	 	3,80	 
2022-01-30 09:22:00	MET_GARDEN	4,40	 	56,00	 	-3,62	 	4,80	 	3,80	 
2022-01-30 09:23:00	MET_GARDEN	4,40	 	56,00	 	-3,62	 	4,80	 	3,80	 
2022-01-30 09:24:00	MET_GARDEN	4,40	 	56,00	 	-3,62	 	4,80	 	3,80	 
2022-01-30 09:25:00	MET_GARDEN	4,40	 	56,00	 	-3,62	 	4,80	 	3,80	 
2022-01-30 09:26:00	MET_GARDEN	4,40	 	56,00	 	-3,62	 	4,80	 	3,80	 
2022-01-30 09:27:00	MET_GARDEN	4,40	 	56,00	 	-3,62	 	4,80	 	3,80	 
2022-01-30 09:28:00	MET_GARDEN	4,30	 	57,00	 	-3,47	 	4,80	 	3,80	 
2022-01-30 09:29:00	MET_GARDEN	4,40	 	56,00	 	-3,62	 	4,80	 	3,80	 
2022-01-30 09:30:00	MET_GARDEN	4,40	 	56,00	 	-3,62	 	4,80	 	3,80	 
2022-01-30 09:31:00	MET_GARDEN	4,40	 	56,00	 	-3,62	 	4,80	 	3,80	 
2022-01-30 09:32:00	MET_GARDEN	4,40	 	56,00	 	-3,62	 	4,80	 	3,80	 
2022-01-30 09:33:00	MET_GARDEN	4,30	 	57,00	 	-3,47	 	4,80	 	3,80	 
2022-01-30 09:34:00	MET_GARDEN	4,30	 	57,00	 	-3,47	 	4,80	 	3,80	 
2022-01-30 09:35:00	MET_GARDEN	4,40	 	56,00	 	-3,62	 	4,80	 	3,80	 
2022-01-30 09:36:00	MET_GARDEN	4,40	 	56,00	 	-3,62	 	4,80	 	3,80	 
2022-01-30 09:37:00	MET_GARDEN	4,40	 	56,00	 	-3,62	 	4,80	 	3,80	 
2022-01-30 09:38:00	MET_GARDEN	4,40	 	56,00	 	-3,62	 	4,80	 	3,80	 
2022-01-30 09:39:00	MET_GARDEN	4,40	 	56,00	 	-3,62	 	4,80	 	3,80	 
2022-01-30 09:40:00	MET_GARDEN	4,30	 	56,00	 	-3,71	 	4,80	 	3,80	 
2022-01-30 09:41:00	MET_GARDEN	4,30	 	56,00	 	-3,71	 	4,80	 	3,80	 
2022-01-30 09:42:00	MET_GARDEN	4,30	 	56,00	 	-3,71	 	4,80	 	3,80	 
2022-01-30 09:43:00	MET_GARDEN	4,30	 	57,00	 	-3,47	 	4,80	 	3,80	 
2022-01-30 09:44:00	MET_GARDEN	4,30	 	57,00	 	-3,47	 	4,80	 	3,80	 
2022-01-30 09:45:00	MET_GARDEN	4,20	 	58,00	 	-3,33	 	4,80	 	3,80	 
2022-01-30 09:46:00	MET_GARDEN	4,20	 	58,00	 	-3,33	 	4,80	 	3,80	 
2022-01-30 09:47:00	MET_GARDEN	4,30	 	58,00	 	-3,24	 	4,80	 	3,80	 
2022-01-30 09:48:00	MET_GARDEN	4,30	 	58,00	 	-3,24	 	4,80	 	3,80	 
2022-01-30 09:49:00	MET_GARDEN	4,30	 	58,00	 	-3,24	 	4,80	 	3,80	 
2022-01-30 09:50:00	MET_GARDEN	4,30	 	57,00	 	-3,47	 	4,80	 	3,80	 
2022-01-30 09:51:00	MET_GARDEN	4,40	 	57,00	 	-3,38	 	4,80	 	3,80	 
2022-01-30 09:52:00	MET_GARDEN	4,40	 	56,00	 	-3,62	 	4,80	 	3,80	 
2022-01-30 09:53:00	MET_GARDEN	4,40	 	57,00	 	-3,38	 	4,80	 	3,80	 
2022-01-30 09:54:00	MET_GARDEN	4,40	 	57,00	 	-3,38	 	4,80	 	3,80	 
2022-01-30 09:55:00	MET_GARDEN	4,30	 	57,00	 	-3,47	 	4,80	 	3,80	 
2022-01-30 09:56:00	MET_GARDEN	4,30	 	57,00	 	-3,47	 	4,80	 	3,80	 
2022-01-30 09:57:00	MET_GARDEN	4,30	 	57,00	 	-3,47	 	4,80	 	3,80	 
2022-01-30 09:58:00	MET_GARDEN	4,30	 	57,00	 	-3,47	 	4,80	 	3,80	 
2022-01-30 09:59:00	MET_GARDEN	4,40	 	57,00	 	-3,38	 	4,80	 	3,80	 
2022-01-30 10:00:00	MET_GARDEN	4,40	 	57,00	 	-3,38	 	4,80	 	3,80	 
2022-01-30 10:01:00	MET_GARDEN	4,50	 	56,00	 	-3,52	 	4,80	 	3,80	 
2022-01-30 10:02:00	MET_GARDEN	4,50	 	55,00	 	-3,76	 	4,80	 	3,80	 
2022-01-30 10:03:00	MET_GARDEN	4,50	 	55,00	 	-3,76	 	4,80	 	3,80	 
2022-01-30 10:04:00	MET_GARDEN	4,50	 	56,00	 	-3,52	 	4,80	 	3,80	 
2022-01-30 10:05:00	MET_GARDEN	4,50	 	56,00	 	-3,52	 	4,80	 	3,80	 
2022-01-30 10:06:00	MET_GARDEN	4,40	 	57,00	 	-3,38	 	4,80	 	3,80	 
2022-01-30 10:07:00	MET_GARDEN	4,40	 	57,00	 	-3,38	 	4,80	 	3,80	 
2022-01-30 10:08:00	MET_GARDEN	4,30	 	58,00	 	-3,24	 	4,80	 	3,80	 
2022-01-30 10:09:00	MET_GARDEN	4,20	 	58,00	 	-3,33	 	4,80	 	3,80	 
2022-01-30 10:10:00	MET_GARDEN	4,20	 	59,00	 	-3,10	 	4,80	 	3,80	 
2022-01-30 10:11:00	MET_GARDEN	4,20	 	58,00	 	-3,33	 	4,80	 	3,80	 
2022-01-30 10:12:00	MET_GARDEN	4,20	 	59,00	 	-3,10	 	4,80	 	3,80	 
2022-01-30 10:13:00	MET_GARDEN	4,20	 	59,00	 	-3,10	 	4,80	 	3,80	 
2022-01-30 10:14:00	MET_GARDEN	4,30	 	59,00	 	-3,01	 	4,80	 	3,80	 
2022-01-30 10:15:00	MET_GARDEN	4,40	 	60,00	 	-2,69	 	4,80	 	3,80	 
2022-01-30 10:16:00	MET_GARDEN	4,40	 	60,00	 	-2,69	 	4,80	 	3,80	 
2022-01-30 10:17:00	MET_GARDEN	4,40	 	60,00	 	-2,69	 	4,80	 	3,80	 
2022-01-30 10:18:00	MET_GARDEN	4,30	 	59,00	 	-3,01	 	4,80	 	3,80	 
2022-01-30 10:19:00	MET_GARDEN	4,20	 	60,00	 	-2,88	 	4,80	 	3,80	 
2022-01-30 10:20:00	MET_GARDEN	4,30	 	60,00	 	-2,78	 	4,80	 	3,80	 
2022-01-30 10:21:00	MET_GARDEN	4,30	 	60,00	 	-2,78	 	4,80	 	3,80	 
2022-01-30 10:22:00	MET_GARDEN	4,40	 	60,00	 	-2,69	 	4,80	 	3,80	 
2022-01-30 10:23:00	MET_GARDEN	4,40	 	59,00	 	-2,91	 	4,80	 	3,80	 
2022-01-30 10:24:00	MET_GARDEN	4,50	 	58,00	 	-3,05	 	4,80	 	3,80	 
2022-01-30 10:25:00	MET_GARDEN	4,50	 	59,00	 	-2,82	 	4,80	 	3,80	 
2022-01-30 10:26:00	MET_GARDEN	4,50	 	58,00	 	-3,05	 	4,80	 	3,80	 
2022-01-30 10:27:00	MET_GARDEN	4,50	 	58,00	 	-3,05	 	4,80	 	3,80	 
2022-01-30 10:28:00	MET_GARDEN	4,50	 	58,00	 	-3,05	 	4,80	 	3,80	 
2022-01-30 10:29:00	MET_GARDEN	4,60	 	58,00	 	-2,96	 	4,80	 	3,80	 
2022-01-30 10:30:00	MET_GARDEN	4,60	 	57,00	 	-3,19	 	4,80	 	3,80	 
2022-01-30 10:31:00	MET_GARDEN	4,70	 	57,00	 	-3,10	 	4,80	 	3,80	 
2022-01-30 10:32:00	MET_GARDEN	4,70	 	57,00	 	-3,10	 	4,80	 	3,80	 
2022-01-30 10:33:00	MET_GARDEN	4,70	 	57,00	 	-3,10	 	4,80	 	3,80	 
2022-01-30 10:34:00	MET_GARDEN	4,80	 	56,00	 	-3,24	 	4,80	 	3,80	 
2022-01-30 10:35:00	MET_GARDEN	4,80	 	55,00	 	-3,48	 	4,80	 	3,80	 
2022-01-30 10:36:00	MET_GARDEN	4,90	 	56,00	 	-3,14	 	4,80	 	3,80	 
2022-01-30 10:37:00	MET_GARDEN	5,10	 	56,00	 	-2,96	 	4,90	 	3,80	 
2022-01-30 10:38:00	MET_GARDEN	5,10	 	55,00	 	-3,20	 	5,10	 	3,80	 
2022-01-30 10:39:00	MET_GARDEN	5,20	 	54,00	 	-3,35	 	5,10	 	3,80	 
2022-01-30 10:40:00	MET_GARDEN	5,30	 	55,00	 	-3,01	 	5,20	 	3,80	 
2022-01-30 10:41:00	MET_GARDEN	5,40	 	55,00	 	-2,92	 	5,30	 	3,80	 
2022-01-30 10:42:00	MET_GARDEN	5,30	 	53,00	 	-3,51	 	5,40	 	3,80	 
2022-01-30 10:43:00	MET_GARDEN	5,20	 	53,00	 	-3,60	 	5,40	 	3,80	 
2022-01-30 10:44:00	MET_GARDEN	5,20	 	53,00	 	-3,60	 	5,40	 	3,80	 
2022-01-30 10:45:00	MET_GARDEN	5,10	 	53,00	 	-3,70	 	5,40	 	3,80	 
2022-01-30 10:46:00	MET_GARDEN	5,10	 	54,00	 	-3,45	 	5,40	 	3,80	 
2022-01-30 10:47:00	MET_GARDEN	5,10	 	53,00	 	-3,70	 	5,40	 	3,80	 
2022-01-30 10:48:00	MET_GARDEN	5,10	 	53,00	 	-3,70	 	5,40	 	3,80	 
2022-01-30 10:49:00	MET_GARDEN	5,00	 	54,00	 	-3,54	 	5,40	 	3,80	 
2022-01-30 10:50:00	MET_GARDEN	5,00	 	54,00	 	-3,54	 	5,40	 	3,80	 
2022-01-30 10:51:00	MET_GARDEN	5,00	 	55,00	 	-3,29	 	5,40	 	3,80	 
2022-01-30 10:52:00	MET_GARDEN	4,90	 	54,00	 	-3,63	 	5,40	 	3,80	 
2022-01-30 10:53:00	MET_GARDEN	4,80	 	55,00	 	-3,48	 	5,40	 	3,80	 
2022-01-30 10:54:00	MET_GARDEN	4,80	 	56,00	 	-3,24	 	5,40	 	3,80	 
2022-01-30 10:55:00	MET_GARDEN	4,70	 	55,00	 	-3,58	 	5,40	 	3,80	 
2022-01-30 10:56:00	MET_GARDEN	4,70	 	56,00	 	-3,33	 	5,40	 	3,80	 
2022-01-30 10:57:00	MET_GARDEN	4,80	 	56,00	 	-3,24	 	5,40	 	3,80	 
2022-01-30 10:58:00	MET_GARDEN	4,90	 	55,00	 	-3,39	 	5,40	 	3,80	 
2022-01-30 10:59:00	MET_GARDEN	5,10	 	55,00	 	-3,20	 	5,40	 	3,80	 
2022-01-30 11:00:00	MET_GARDEN	5,10	 	55,00	 	-3,20	 	5,40	 	3,80	 
2022-01-30 11:01:00	MET_GARDEN	4,80	 	54,00	 	-3,73	 	5,40	 	3,80	 
2022-01-30 11:02:00	MET_GARDEN	4,70	 	54,00	 	-3,82	 	5,40	 	3,80	 
2022-01-30 11:03:00	MET_GARDEN	4,70	 	54,00	 	-3,82	 	5,40	 	3,80	 
2022-01-30 11:04:00	MET_GARDEN	4,60	 	53,00	 	-4,17	 	5,40	 	3,80	 
2022-01-30 11:05:00	MET_GARDEN	4,60	 	53,00	 	-4,17	 	5,40	 	3,80	 
2022-01-30 11:06:00	MET_GARDEN	4,60	 	53,00	 	-4,17	 	5,40	 	3,80	 
2022-01-30 11:07:00	MET_GARDEN	4,60	 	53,00	 	-4,17	 	5,40	 	3,80	 
2022-01-30 11:08:00	MET_GARDEN	4,60	 	53,00	 	-4,17	 	5,40	 	3,80	 
2022-01-30 11:09:00	MET_GARDEN	4,60	 	53,00	 	-4,17	 	5,40	 	3,80	 
2022-01-30 11:10:00	MET_GARDEN	4,60	 	53,00	 	-4,17	 	5,40	 	3,80	 
2022-01-30 11:11:00	MET_GARDEN	4,60	 	52,00	 	-4,42	 	5,40	 	3,80	 
2022-01-30 11:12:00	MET_GARDEN	4,60	 	53,00	 	-4,17	 	5,40	 	3,80	 
2022-01-30 11:13:00	MET_GARDEN	4,60	 	52,00	 	-4,42	 	5,40	 	3,80	 
2022-01-30 11:14:00	MET_GARDEN	4,60	 	52,00	 	-4,42	 	5,40	 	3,80	 
2022-01-30 11:15:00	MET_GARDEN	4,50	 	52,00	 	-4,51	 	5,40	 	3,80	 
2022-01-30 11:16:00	MET_GARDEN	4,50	 	52,00	 	-4,51	 	5,40	 	3,80	 
2022-01-30 11:17:00	MET_GARDEN	4,50	 	53,00	 	-4,26	 	5,40	 	3,80	 
2022-01-30 11:18:00	MET_GARDEN	4,40	 	53,00	 	-4,35	 	5,40	 	3,80	 
2022-01-30 11:19:00	MET_GARDEN	4,40	 	53,00	 	-4,35	 	5,40	 	3,80	 
2022-01-30 11:20:00	MET_GARDEN	4,50	 	54,00	 	-4,01	 	5,40	 	3,80	 
2022-01-30 11:21:00	MET_GARDEN	4,40	 	54,00	 	-4,10	 	5,40	 	3,80	 
2022-01-30 11:22:00	MET_GARDEN	4,40	 	55,00	 	-3,86	 	5,40	 	3,80	 
2022-01-30 11:23:00	MET_GARDEN	4,40	 	55,00	 	-3,86	 	5,40	 	3,80	 
2022-01-30 11:24:00	MET_GARDEN	4,40	 	54,00	 	-4,10	 	5,40	 	3,80	 
2022-01-30 11:25:00	MET_GARDEN	4,40	 	54,00	 	-4,10	 	5,40	 	3,80	 
2022-01-30 11:26:00	MET_GARDEN	4,40	 	54,00	 	-4,10	 	5,40	 	3,80	 
2022-01-30 11:27:00	MET_GARDEN	4,40	 	54,00	 	-4,10	 	5,40	 	3,80	 
2022-01-30 11:28:00	MET_GARDEN	4,30	 	54,00	 	-4,20	 	5,40	 	3,80	 
2022-01-30 11:29:00	MET_GARDEN	4,30	 	54,00	 	-4,20	 	5,40	 	3,80	 
2022-01-30 11:30:00	MET_GARDEN	4,30	 	55,00	 	-3,95	 	5,40	 	3,80	 
2022-01-30 11:31:00	MET_GARDEN	4,30	 	55,00	 	-3,95	 	5,40	 	3,80	 
2022-01-30 11:32:00	MET_GARDEN	4,30	 	54,00	 	-4,20	 	5,40	 	3,80	 
2022-01-30 11:33:00	MET_GARDEN	4,30	 	54,00	 	-4,20	 	5,40	 	3,80	 
2022-01-30 11:34:00	MET_GARDEN	4,30	 	54,00	 	-4,20	 	5,40	 	3,80	 
2022-01-30 11:35:00	MET_GARDEN	4,30	 	54,00	 	-4,20	 	5,40	 	3,80	 
2022-01-30 11:36:00	MET_GARDEN	4,30	 	54,00	 	-4,20	 	5,40	 	3,80	 
2022-01-30 11:37:00	MET_GARDEN	4,30	 	54,00	 	-4,20	 	5,40	 	3,80	 
2022-01-30 11:38:00	MET_GARDEN	4,30	 	54,00	 	-4,20	 	5,40	 	3,80	 
2022-01-30 11:39:00	MET_GARDEN	4,30	 	53,00	 	-4,45	 	5,40	 	3,80	 
2022-01-30 11:40:00	MET_GARDEN	4,30	 	54,00	 	-4,20	 	5,40	 	3,80	 
2022-01-30 11:41:00	MET_GARDEN	4,30	 	54,00	 	-4,20	 	5,40	 	3,80	 
2022-01-30 11:42:00	MET_GARDEN	4,30	 	54,00	 	-4,20	 	5,40	 	3,80	 
2022-01-30 11:43:00	MET_GARDEN	4,30	 	53,00	 	-4,45	 	5,40	 	3,80	 
2022-01-30 11:44:00	MET_GARDEN	4,30	 	53,00	 	-4,45	 	5,40	 	3,80	 
2022-01-30 11:45:00	MET_GARDEN	4,30	 	53,00	 	-4,45	 	5,40	 	3,80	 
2022-01-30 11:46:00	MET_GARDEN	4,30	 	53,00	 	-4,45	 	5,40	 	3,80	 
2022-01-30 11:47:00	MET_GARDEN	4,30	 	53,00	 	-4,45	 	5,40	 	3,80	 
2022-01-30 11:48:00	MET_GARDEN	4,20	 	53,00	 	-4,54	 	5,40	 	3,80	 
2022-01-30 11:49:00	MET_GARDEN	4,20	 	53,00	 	-4,54	 	5,40	 	3,80	 
2022-01-30 11:50:00	MET_GARDEN	4,30	 	53,00	 	-4,45	 	5,40	 	3,80	 
2022-01-30 11:51:00	MET_GARDEN	4,20	 	54,00	 	-4,29	 	5,40	 	3,80	 
2022-01-30 11:52:00	MET_GARDEN	4,20	 	54,00	 	-4,29	 	5,40	 	3,80	 
2022-01-30 11:53:00	MET_GARDEN	4,30	 	53,00	 	-4,45	 	5,40	 	3,80	 
2022-01-30 11:54:00	MET_GARDEN	4,20	 	53,00	 	-4,54	 	5,40	 	3,80	 
2022-01-30 11:55:00	MET_GARDEN	4,30	 	53,00	 	-4,45	 	5,40	 	3,80	 
2022-01-30 11:56:00	MET_GARDEN	4,20	 	53,00	 	-4,54	 	5,40	 	3,80	 
2022-01-30 11:57:00	MET_GARDEN	4,20	 	53,00	 	-4,54	 	5,40	 	3,80	 
2022-01-30 11:58:00	MET_GARDEN	4,20	 	53,00	 	-4,54	 	5,40	 	3,80	 
2022-01-30 11:59:00	MET_GARDEN	4,20	 	53,00	 	-4,54	 	5,40	 	3,80	 
2022-01-30 12:00:00	MET_GARDEN	4,20	 	54,00	 	-4,29	 	5,40	 	3,80	 
2022-01-30 12:01:00	MET_GARDEN	4,10	 	55,00	 	-4,14	 	5,40	 	3,80	 
2022-01-30 12:02:00	MET_GARDEN	4,10	 	55,00	 	-4,14	 	5,40	 	3,80	 
2022-01-30 12:03:00	MET_GARDEN	4,10	 	55,00	 	-4,14	 	5,40	 	3,80	 
2022-01-30 12:04:00	MET_GARDEN	4,00	 	55,00	 	-4,23	 	5,40	 	3,80	 
2022-01-30 12:05:00	MET_GARDEN	4,00	 	55,00	 	-4,23	 	5,40	 	3,80	 
2022-01-30 12:06:00	MET_GARDEN	4,00	 	55,00	 	-4,23	 	5,40	 	3,80	 
2022-01-30 12:07:00	MET_GARDEN	4,00	 	55,00	 	-4,23	 	5,40	 	3,80	 
2022-01-30 12:08:00	MET_GARDEN	4,00	 	55,00	 	-4,23	 	5,40	 	3,80	 
2022-01-30 12:09:00	MET_GARDEN	4,00	 	55,00	 	-4,23	 	5,40	 	3,80	 
2022-01-30 12:10:00	MET_GARDEN	4,00	 	55,00	 	-4,23	 	5,40	 	3,80	 
2022-01-30 12:11:00	MET_GARDEN	4,00	 	55,00	 	-4,23	 	5,40	 	3,80	 
2022-01-30 12:12:00	MET_GARDEN	4,00	 	55,00	 	-4,23	 	5,40	 	3,80	 
2022-01-30 12:13:00	MET_GARDEN	4,00	 	55,00	 	-4,23	 	5,40	 	3,80	 
2022-01-30 12:14:00	MET_GARDEN	4,00	 	56,00	 	-3,99	 	5,40	 	3,80	 
2022-01-30 12:15:00	MET_GARDEN	3,90	 	56,00	 	-4,09	 	5,40	 	3,80	 
2022-01-30 12:16:00	MET_GARDEN	3,90	 	56,00	 	-4,09	 	5,40	 	3,80	 
2022-01-30 12:17:00	MET_GARDEN	4,00	 	56,00	 	-3,99	 	5,40	 	3,80	 
2022-01-30 12:18:00	MET_GARDEN	4,00	 	55,00	 	-4,23	 	5,40	 	3,80	 
2022-01-30 12:19:00	MET_GARDEN	4,00	 	55,00	 	-4,23	 	5,40	 	3,80	 
2022-01-30 12:20:00	MET_GARDEN	4,00	 	55,00	 	-4,23	 	5,40	 	3,80	 
2022-01-30 12:21:00	MET_GARDEN	4,00	 	54,00	 	-4,48	 	5,40	 	3,80	 
2022-01-30 12:22:00	MET_GARDEN	4,00	 	54,00	 	-4,48	 	5,40	 	3,80	 
2022-01-30 12:23:00	MET_GARDEN	4,00	 	54,00	 	-4,48	 	5,40	 	3,80	 
2022-01-30 12:24:00	MET_GARDEN	4,00	 	55,00	 	-4,23	 	5,40	 	3,80	 
2022-01-30 12:25:00	MET_GARDEN	4,00	 	55,00	 	-4,23	 	5,40	 	3,80	 
2022-01-30 12:26:00	MET_GARDEN	4,00	 	54,00	 	-4,48	 	5,40	 	3,80	 
2022-01-30 12:27:00	MET_GARDEN	4,00	 	55,00	 	-4,23	 	5,40	 	3,80	 
2022-01-30 12:28:00	MET_GARDEN	4,00	 	55,00	 	-4,23	 	5,40	 	3,80	 
2022-01-30 12:29:00	MET_GARDEN	4,00	 	55,00	 	-4,23	 	5,40	 	3,80	 
2022-01-30 12:30:00	MET_GARDEN	4,00	 	55,00	 	-4,23	 	5,40	 	3,80	 
2022-01-30 12:31:00	MET_GARDEN	4,00	 	54,00	 	-4,48	 	5,40	 	3,80	 
2022-01-30 12:32:00	MET_GARDEN	4,10	 	54,00	 	-4,39	 	5,40	 	3,80	 
2022-01-30 12:33:00	MET_GARDEN	4,10	 	53,00	 	-4,64	 	5,40	 	3,80	 
2022-01-30 12:34:00	MET_GARDEN	4,10	 	53,00	 	-4,64	 	5,40	 	3,80	 
2022-01-30 12:35:00	MET_GARDEN	4,10	 	53,00	 	-4,64	 	5,40	 	3,80	 
2022-01-30 12:36:00	MET_GARDEN	4,00	 	54,00	 	-4,48	 	5,40	 	3,80	 
2022-01-30 12:37:00	MET_GARDEN	4,00	 	54,00	 	-4,48	 	5,40	 	3,80	 
2022-01-30 12:38:00	MET_GARDEN	4,00	 	54,00	 	-4,48	 	5,40	 	3,80	 
2022-01-30 12:39:00	MET_GARDEN	4,00	 	54,00	 	-4,48	 	5,40	 	3,80	 
2022-01-30 12:40:00	MET_GARDEN	4,00	 	55,00	 	-4,23	 	5,40	 	3,80	 
2022-01-30 12:41:00	MET_GARDEN	4,00	 	55,00	 	-4,23	 	5,40	 	3,80	 
2022-01-30 12:42:00	MET_GARDEN	4,00	 	54,00	 	-4,48	 	5,40	 	3,80	 
2022-01-30 12:43:00	MET_GARDEN	4,00	 	54,00	 	-4,48	 	5,40	 	3,80	 
2022-01-30 12:44:00	MET_GARDEN	4,10	 	53,00	 	-4,64	 	5,40	 	3,80	 
2022-01-30 12:45:00	MET_GARDEN	4,20	 	53,00	 	-4,54	 	5,40	 	3,80	 
2022-01-30 12:46:00	MET_GARDEN	4,10	 	53,00	 	-4,64	 	5,40	 	3,80	 
2022-01-30 12:47:00	MET_GARDEN	4,10	 	53,00	 	-4,64	 	5,40	 	3,80	 
2022-01-30 12:48:00	MET_GARDEN	4,10	 	52,00	 	-4,89	 	5,40	 	3,80	 
2022-01-30 12:49:00	MET_GARDEN	4,20	 	52,00	 	-4,79	 	5,40	 	3,80	 
2022-01-30 12:50:00	MET_GARDEN	4,10	 	53,00	 	-4,64	 	5,40	 	3,80	 
2022-01-30 12:51:00	MET_GARDEN	4,10	 	53,00	 	-4,64	 	5,40	 	3,80	 
2022-01-30 12:52:00	MET_GARDEN	4,10	 	53,00	 	-4,64	 	5,40	 	3,80	 
2022-01-30 12:53:00	MET_GARDEN	4,10	 	53,00	 	-4,64	 	5,40	 	3,80	 
2022-01-30 12:54:00	MET_GARDEN	4,10	 	53,00	 	-4,64	 	5,40	 	3,80	 
2022-01-30 12:55:00	MET_GARDEN	4,20	 	52,00	 	-4,79	 	5,40	 	3,80	 
2022-01-30 12:56:00	MET_GARDEN	4,20	 	52,00	 	-4,79	 	5,40	 	3,80	 
2022-01-30 12:57:00	MET_GARDEN	4,10	 	53,00	 	-4,64	 	5,40	 	3,80	 
2022-01-30 12:58:00	MET_GARDEN	4,10	 	53,00	 	-4,64	 	5,40	 	3,80	 
2022-01-30 12:59:00	MET_GARDEN	4,10	 	53,00	 	-4,64	 	5,40	 	3,80	 
2022-01-30 13:00:00	MET_GARDEN	4,10	 	53,00	 	-4,64	 	5,40	 	3,80	 
2022-01-30 13:01:00	MET_GARDEN	4,10	 	53,00	 	-4,64	 	5,40	 	3,80	 
2022-01-30 13:02:00	MET_GARDEN	4,10	 	53,00	 	-4,64	 	5,40	 	3,80	 
2022-01-30 13:03:00	MET_GARDEN	4,10	 	53,00	 	-4,64	 	5,40	 	3,80	 
2022-01-30 13:04:00	MET_GARDEN	4,10	 	53,00	 	-4,64	 	5,40	 	3,80	 
2022-01-30 13:05:00	MET_GARDEN	4,10	 	52,00	 	-4,89	 	5,40	 	3,80	 
2022-01-30 13:06:00	MET_GARDEN	4,10	 	53,00	 	-4,64	 	5,40	 	3,80	 
2022-01-30 13:07:00	MET_GARDEN	4,10	 	53,00	 	-4,64	 	5,40	 	3,80	 
2022-01-30 13:08:00	MET_GARDEN	4,10	 	53,00	 	-4,64	 	5,40	 	3,80	 
2022-01-30 13:09:00	MET_GARDEN	4,10	 	54,00	 	-4,39	 	5,40	 	3,80	 
2022-01-30 13:10:00	MET_GARDEN	4,10	 	54,00	 	-4,39	 	5,40	 	3,80	 
2022-01-30 13:11:00	MET_GARDEN	4,10	 	53,00	 	-4,64	 	5,40	 	3,80	 
2022-01-30 13:12:00	MET_GARDEN	4,10	 	53,00	 	-4,64	 	5,40	 	3,80	 
2022-01-30 13:13:00	MET_GARDEN	4,10	 	53,00	 	-4,64	 	5,40	 	3,80	 
2022-01-30 13:14:00	MET_GARDEN	4,10	 	53,00	 	-4,64	 	5,40	 	3,80	 
2022-01-30 13:15:00	MET_GARDEN	4,10	 	54,00	 	-4,39	 	5,40	 	3,80	 
2022-01-30 13:16:00	MET_GARDEN	4,10	 	54,00	 	-4,39	 	5,40	 	3,80	 
2022-01-30 13:17:00	MET_GARDEN	4,10	 	54,00	 	-4,39	 	5,40	 	3,80	 
2022-01-30 13:18:00	MET_GARDEN	4,10	 	54,00	 	-4,39	 	5,40	 	3,80	 
2022-01-30 13:19:00	MET_GARDEN	4,10	 	54,00	 	-4,39	 	5,40	 	3,80	 
2022-01-30 13:20:00	MET_GARDEN	4,20	 	53,00	 	-4,54	 	5,40	 	3,80	 
2022-01-30 13:21:00	MET_GARDEN	4,20	 	53,00	 	-4,54	 	5,40	 	3,80	 
2022-01-30 13:22:00	MET_GARDEN	4,20	 	53,00	 	-4,54	 	5,40	 	3,80	 
2022-01-30 13:23:00	MET_GARDEN	4,20	 	53,00	 	-4,54	 	5,40	 	3,80	 
2022-01-30 13:24:00	MET_GARDEN	4,10	 	54,00	 	-4,39	 	5,40	 	3,80	 
2022-01-30 13:25:00	MET_GARDEN	4,10	 	54,00	 	-4,39	 	5,40	 	3,80	 
2022-01-30 13:26:00	MET_GARDEN	4,10	 	53,00	 	-4,64	 	5,40	 	3,80	 
2022-01-30 13:27:00	MET_GARDEN	4,20	 	53,00	 	-4,54	 	5,40	 	3,80	 
2022-01-30 13:28:00	MET_GARDEN	4,20	 	53,00	 	-4,54	 	5,40	 	3,80	 
2022-01-30 13:29:00	MET_GARDEN	4,10	 	53,00	 	-4,64	 	5,40	 	3,80	 
2022-01-30 13:30:00	MET_GARDEN	4,10	 	53,00	 	-4,64	 	5,40	 	3,80	 
2022-01-30 13:31:00	MET_GARDEN	4,10	 	54,00	 	-4,39	 	5,40	 	3,80	 
2022-01-30 13:32:00	MET_GARDEN	4,10	 	54,00	 	-4,39	 	5,40	 	3,80	 
2022-01-30 13:33:00	MET_GARDEN	4,10	 	54,00	 	-4,39	 	5,40	 	3,80	 
2022-01-30 13:34:00	MET_GARDEN	4,10	 	53,00	 	-4,64	 	5,40	 	3,80	 
2022-01-30 13:35:00	MET_GARDEN	4,10	 	54,00	 	-4,39	 	5,40	 	3,80	 
2022-01-30 13:36:00	MET_GARDEN	4,10	 	54,00	 	-4,39	 	5,40	 	3,80	 
2022-01-30 13:37:00	MET_GARDEN	4,10	 	54,00	 	-4,39	 	5,40	 	3,80	 
2022-01-30 13:38:00	MET_GARDEN	4,10	 	53,00	 	-4,64	 	5,40	 	3,80	 
2022-01-30 13:39:00	MET_GARDEN	4,10	 	54,00	 	-4,39	 	5,40	 	3,80	 
2022-01-30 13:40:00	MET_GARDEN	4,10	 	54,00	 	-4,39	 	5,40	 	3,80	 
2022-01-30 13:41:00	MET_GARDEN	4,10	 	53,00	 	-4,64	 	5,40	 	3,80	 
2022-01-30 13:42:00	MET_GARDEN	4,10	 	54,00	 	-4,39	 	5,40	 	3,80	 
2022-01-30 13:43:00	MET_GARDEN	4,10	 	55,00	 	-4,14	 	5,40	 	3,80	 
2022-01-30 13:44:00	MET_GARDEN	4,10	 	54,00	 	-4,39	 	5,40	 	3,80	 
2022-01-30 13:45:00	MET_GARDEN	4,10	 	54,00	 	-4,39	 	5,40	 	3,80	 
2022-01-30 13:46:00	MET_GARDEN	4,10	 	54,00	 	-4,39	 	5,40	 	3,80	 
2022-01-30 13:47:00	MET_GARDEN	4,10	 	54,00	 	-4,39	 	5,40	 	3,80	 
2022-01-30 13:48:00	MET_GARDEN	4,10	 	54,00	 	-4,39	 	5,40	 	3,80	 
2022-01-30 13:49:00	MET_GARDEN	4,10	 	54,00	 	-4,39	 	5,40	 	3,80	 
2022-01-30 13:50:00	MET_GARDEN	4,10	 	54,00	 	-4,39	 	5,40	 	3,80	 
2022-01-30 13:51:00	MET_GARDEN	4,20	 	53,00	 	-4,54	 	5,40	 	3,80	 
2022-01-30 13:52:00	MET_GARDEN	4,20	 	53,00	 	-4,54	 	5,40	 	3,80	 
2022-01-30 13:53:00	MET_GARDEN	4,20	 	53,00	 	-4,54	 	5,40	 	3,80	 
2022-01-30 13:54:00	MET_GARDEN	4,10	 	53,00	 	-4,64	 	5,40	 	3,80	 
2022-01-30 13:55:00	MET_GARDEN	4,10	 	53,00	 	-4,64	 	5,40	 	3,80	 
2022-01-30 13:56:00	MET_GARDEN	4,10	 	53,00	 	-4,64	 	5,40	 	3,80	 
2022-01-30 13:57:00	MET_GARDEN	4,20	 	53,00	 	-4,54	 	5,40	 	3,80	 
2022-01-30 13:58:00	MET_GARDEN	4,10	 	53,00	 	-4,64	 	5,40	 	3,80	 
2022-01-30 13:59:00	MET_GARDEN	4,10	 	54,00	 	-4,39	 	5,40	 	3,80	 
2022-01-30 14:00:00	MET_GARDEN	4,10	 	54,00	 	-4,39	 	5,40	 	3,80	 
2022-01-30 14:01:00	MET_GARDEN	4,20	 	53,00	 	-4,54	 	5,40	 	3,80	 
2022-01-30 14:02:00	MET_GARDEN	4,20	 	53,00	 	-4,54	 	5,40	 	3,80	 
2022-01-30 14:03:00	MET_GARDEN	4,20	 	53,00	 	-4,54	 	5,40	 	3,80	 
2022-01-30 14:04:00	MET_GARDEN	4,20	 	53,00	 	-4,54	 	5,40	 	3,80	 
2022-01-30 14:05:00	MET_GARDEN	4,20	 	53,00	 	-4,54	 	5,40	 	3,80	 
2022-01-30 14:06:00	MET_GARDEN	4,20	 	53,00	 	-4,54	 	5,40	 	3,80	 
2022-01-30 14:07:00	MET_GARDEN	4,20	 	53,00	 	-4,54	 	5,40	 	3,80	 
2022-01-30 14:08:00	MET_GARDEN	4,20	 	54,00	 	-4,29	 	5,40	 	3,80	 
2022-01-30 14:09:00	MET_GARDEN	4,10	 	54,00	 	-4,39	 	5,40	 	3,80	 
2022-01-30 14:10:00	MET_GARDEN	4,10	 	54,00	 	-4,39	 	5,40	 	3,80	 
2022-01-30 14:11:00	MET_GARDEN	4,20	 	54,00	 	-4,29	 	5,40	 	3,80	 
2022-01-30 14:12:00	MET_GARDEN	4,20	 	53,00	 	-4,54	 	5,40	 	3,80	 
2022-01-30 14:13:00	MET_GARDEN	4,20	 	54,00	 	-4,29	 	5,40	 	3,80	 
2022-01-30 14:14:00	MET_GARDEN	4,20	 	53,00	 	-4,54	 	5,40	 	3,80	 
2022-01-30 14:15:00	MET_GARDEN	4,20	 	53,00	 	-4,54	 	5,40	 	3,80	 
2022-01-30 14:16:00	MET_GARDEN	4,30	 	52,00	 	-4,70	 	5,40	 	3,80	 
2022-01-30 14:17:00	MET_GARDEN	4,30	 	52,00	 	-4,70	 	5,40	 	3,80	 
2022-01-30 14:18:00	MET_GARDEN	4,30	 	52,00	 	-4,70	 	5,40	 	3,80	 
2022-01-30 14:19:00	MET_GARDEN	4,30	 	52,00	 	-4,70	 	5,40	 	3,80	 
2022-01-30 14:20:00	MET_GARDEN	4,30	 	52,00	 	-4,70	 	5,40	 	3,80	 
2022-01-30 14:21:00	MET_GARDEN	4,30	 	52,00	 	-4,70	 	5,40	 	3,80	 
2022-01-30 14:22:00	MET_GARDEN	4,30	 	52,00	 	-4,70	 	5,40	 	3,80	 
2022-01-30 14:23:00	MET_GARDEN	4,30	 	52,00	 	-4,70	 	5,40	 	3,80	 
2022-01-30 14:24:00	MET_GARDEN	4,40	 	52,00	 	-4,61	 	5,40	 	3,80	 
2022-01-30 14:25:00	MET_GARDEN	4,40	 	51,00	 	-4,87	 	5,40	 	3,80	 
2022-01-30 14:26:00	MET_GARDEN	4,30	 	51,00	 	-4,96	 	5,40	 	3,80	 
2022-01-30 14:27:00	MET_GARDEN	4,30	 	51,00	 	-4,96	 	5,40	 	3,80	 
2022-01-30 14:28:00	MET_GARDEN	4,30	 	51,00	 	-4,96	 	5,40	 	3,80	 
2022-01-30 14:29:00	MET_GARDEN	4,30	 	51,00	 	-4,96	 	5,40	 	3,80	 
2022-01-30 14:30:00	MET_GARDEN	4,30	 	51,00	 	-4,96	 	5,40	 	3,80	 
2022-01-30 14:31:00	MET_GARDEN	4,30	 	50,00	 	-5,22	 	5,40	 	3,80	 
2022-01-30 14:32:00	MET_GARDEN	4,30	 	50,00	 	-5,22	 	5,40	 	3,80	 
2022-01-30 14:33:00	MET_GARDEN	4,30	 	50,00	 	-5,22	 	5,40	 	3,80	 
2022-01-30 14:34:00	MET_GARDEN	4,30	 	50,00	 	-5,22	 	5,40	 	3,80	 
2022-01-30 14:35:00	MET_GARDEN	4,20	 	51,00	 	-5,05	 	5,40	 	3,80	 
2022-01-30 14:36:00	MET_GARDEN	4,30	 	51,00	 	-4,96	 	5,40	 	3,80	 
2022-01-30 14:37:00	MET_GARDEN	4,30	 	51,00	 	-4,96	 	5,40	 	3,80	 
2022-01-30 14:38:00	MET_GARDEN	4,20	 	52,00	 	-4,79	 	5,40	 	3,80	 
2022-01-30 14:39:00	MET_GARDEN	4,20	 	52,00	 	-4,79	 	5,40	 	3,80	 
2022-01-30 14:40:00	MET_GARDEN	4,20	 	52,00	 	-4,79	 	5,40	 	3,80	 
2022-01-30 14:41:00	MET_GARDEN	4,20	 	52,00	 	-4,79	 	5,40	 	3,80	 
2022-01-30 14:42:00	MET_GARDEN	4,20	 	51,00	 	-5,05	 	5,40	 	3,80	 
2022-01-30 14:43:00	MET_GARDEN	4,20	 	51,00	 	-5,05	 	5,40	 	3,80	 
2022-01-30 14:44:00	MET_GARDEN	4,20	 	51,00	 	-5,05	 	5,40	 	3,80	 
2022-01-30 14:45:00	MET_GARDEN	4,20	 	51,00	 	-5,05	 	5,40	 	3,80	 
2022-01-30 14:46:00	MET_GARDEN	4,10	 	52,00	 	-4,89	 	5,40	 	3,80	 
2022-01-30 14:47:00	MET_GARDEN	4,20	 	52,00	 	-4,79	 	5,40	 	3,80	 
2022-01-30 14:48:00	MET_GARDEN	4,20	 	52,00	 	-4,79	 	5,40	 	3,80	 
2022-01-30 14:49:00	MET_GARDEN	4,20	 	52,00	 	-4,79	 	5,40	 	3,80	 
2022-01-30 14:50:00	MET_GARDEN	4,20	 	52,00	 	-4,79	 	5,40	 	3,80	 
2022-01-30 14:51:00	MET_GARDEN	4,20	 	52,00	 	-4,79	 	5,40	 	3,80	 
2022-01-30 14:52:00	MET_GARDEN	4,10	 	52,00	 	-4,89	 	5,40	 	3,80	 
2022-01-30 14:53:00	MET_GARDEN	4,10	 	53,00	 	-4,64	 	5,40	 	3,80	 
2022-01-30 14:54:00	MET_GARDEN	4,20	 	53,00	 	-4,54	 	5,40	 	3,80	 
2022-01-30 14:55:00	MET_GARDEN	4,20	 	53,00	 	-4,54	 	5,40	 	3,80	 
2022-01-30 14:56:00	MET_GARDEN	4,20	 	54,00	 	-4,29	 	5,40	 	3,80	 
2022-01-30 14:57:00	MET_GARDEN	4,10	 	55,00	 	-4,14	 	5,40	 	3,80	 
2022-01-30 14:58:00	MET_GARDEN	4,10	 	55,00	 	-4,14	 	5,40	 	3,80	 
2022-01-30 14:59:00	MET_GARDEN	4,10	 	55,00	 	-4,14	 	5,40	 	3,80	 
2022-01-30 15:00:00	MET_GARDEN	4,20	 	54,00	 	-4,29	 	5,40	 	3,80	 
2022-01-30 15:01:00	MET_GARDEN	4,10	 	53,00	 	-4,64	 	5,40	 	3,80	 
2022-01-30 15:02:00	MET_GARDEN	4,10	 	53,00	 	-4,64	 	5,40	 	3,80	 
2022-01-30 15:03:00	MET_GARDEN	4,00	 	54,00	 	-4,48	 	5,40	 	3,80	 
2022-01-30 15:04:00	MET_GARDEN	4,00	 	54,00	 	-4,48	 	5,40	 	3,80	 
2022-01-30 15:05:00	MET_GARDEN	3,90	 	55,00	 	-4,33	 	5,40	 	3,80	 
2022-01-30 15:06:00	MET_GARDEN	3,90	 	55,00	 	-4,33	 	5,40	 	3,80	 
2022-01-30 15:07:00	MET_GARDEN	3,90	 	56,00	 	-4,09	 	5,40	 	3,80	 
2022-01-30 15:08:00	MET_GARDEN	3,90	 	55,00	 	-4,33	 	5,40	 	3,80	 
2022-01-30 15:09:00	MET_GARDEN	3,80	 	55,00	 	-4,42	 	5,40	 	3,80	 
2022-01-30 15:10:00	MET_GARDEN	3,90	 	55,00	 	-4,33	 	5,40	 	3,80	 
2022-01-30 15:11:00	MET_GARDEN	3,80	 	55,00	 	-4,42	 	5,40	 	3,80	 
2022-01-30 15:12:00	MET_GARDEN	3,80	 	55,00	 	-4,42	 	5,40	 	3,80	 
2022-01-30 15:13:00	MET_GARDEN	4,00	 	54,00	 	-4,48	 	5,40	 	3,80	 
2022-01-30 15:14:00	MET_GARDEN	3,90	 	54,00	 	-4,57	 	5,40	 	3,80	 
2022-01-30 15:15:00	MET_GARDEN	3,90	 	54,00	 	-4,57	 	5,40	 	3,80	 
2022-01-30 15:16:00	MET_GARDEN	3,80	 	54,00	 	-4,67	 	5,40	 	3,80	 
2022-01-30 15:17:00	MET_GARDEN	3,80	 	54,00	 	-4,67	 	5,40	 	3,80	 
2022-01-30 15:18:00	MET_GARDEN	3,80	 	54,00	 	-4,67	 	5,40	 	3,80	 
2022-01-30 15:19:00	MET_GARDEN	3,80	 	54,00	 	-4,67	 	5,40	 	3,80	 
2022-01-30 15:20:00	MET_GARDEN	3,70	 	54,00	 	-4,76	 	5,40	 	3,70	 
2022-01-30 15:21:00	MET_GARDEN	3,70	 	54,00	 	-4,76	 	5,40	 	3,70	 
2022-01-30 15:22:00	MET_GARDEN	3,80	 	54,00	 	-4,67	 	5,40	 	3,70	 
2022-01-30 15:23:00	MET_GARDEN	3,80	 	53,00	 	-4,92	 	5,40	 	3,70	 
2022-01-30 15:24:00	MET_GARDEN	3,90	 	52,00	 	-5,08	 	5,40	 	3,70	 
2022-01-30 15:25:00	MET_GARDEN	3,80	 	52,00	 	-5,17	 	5,40	 	3,70	 
2022-01-30 15:26:00	MET_GARDEN	3,80	 	52,00	 	-5,17	 	5,40	 	3,70	 
2022-01-30 15:27:00	MET_GARDEN	3,80	 	52,00	 	-5,17	 	5,40	 	3,70	 
2022-01-30 15:28:00	MET_GARDEN	3,80	 	53,00	 	-4,92	 	5,40	 	3,70	 
2022-01-30 15:29:00	MET_GARDEN	3,80	 	53,00	 	-4,92	 	5,40	 	3,70	 
2022-01-30 15:30:00	MET_GARDEN	3,80	 	53,00	 	-4,92	 	5,40	 	3,70	 
2022-01-30 15:31:00	MET_GARDEN	3,70	 	53,00	 	-5,01	 	5,40	 	3,70	 
2022-01-30 15:32:00	MET_GARDEN	3,70	 	53,00	 	-5,01	 	5,40	 	3,70	 
2022-01-30 15:33:00	MET_GARDEN	3,70	 	53,00	 	-5,01	 	5,40	 	3,70	 
2022-01-30 15:34:00	MET_GARDEN	3,70	 	53,00	 	-5,01	 	5,40	 	3,70	 
2022-01-30 15:35:00	MET_GARDEN	3,70	 	53,00	 	-5,01	 	5,40	 	3,70	 
2022-01-30 15:36:00	MET_GARDEN	3,60	 	54,00	 	-4,86	 	5,40	 	3,60	 
2022-01-30 15:37:00	MET_GARDEN	3,70	 	54,00	 	-4,76	 	5,40	 	3,60	 
2022-01-30 15:38:00	MET_GARDEN	3,70	 	53,00	 	-5,01	 	5,40	 	3,60	 
2022-01-30 15:39:00	MET_GARDEN	3,60	 	54,00	 	-4,86	 	5,40	 	3,60	 
2022-01-30 15:40:00	MET_GARDEN	3,50	 	54,00	 	-4,95	 	5,40	 	3,50	 
2022-01-30 15:41:00	MET_GARDEN	3,50	 	54,00	 	-4,95	 	5,40	 	3,50	 
2022-01-30 15:42:00	MET_GARDEN	3,50	 	54,00	 	-4,95	 	5,40	 	3,50	 
2022-01-30 15:43:00	MET_GARDEN	3,40	 	55,00	 	-4,80	 	5,40	 	3,40	 
2022-01-30 15:44:00	MET_GARDEN	3,40	 	55,00	 	-4,80	 	5,40	 	3,40	 
2022-01-30 15:45:00	MET_GARDEN	3,50	 	54,00	 	-4,95	 	5,40	 	3,40	 
2022-01-30 15:46:00	MET_GARDEN	3,60	 	54,00	 	-4,86	 	5,40	 	3,40	 
2022-01-30 15:47:00	MET_GARDEN	3,60	 	54,00	 	-4,86	 	5,40	 	3,40	 
2022-01-30 15:48:00	MET_GARDEN	3,60	 	54,00	 	-4,86	 	5,40	 	3,40	 
2022-01-30 15:49:00	MET_GARDEN	3,40	 	55,00	 	-4,80	 	5,40	 	3,40	 
2022-01-30 15:50:00	MET_GARDEN	3,40	 	55,00	 	-4,80	 	5,40	 	3,40	 
2022-01-30 15:51:00	MET_GARDEN	3,50	 	55,00	 	-4,71	 	5,40	 	3,40	 
2022-01-30 15:52:00	MET_GARDEN	3,50	 	54,00	 	-4,95	 	5,40	 	3,40	 
2022-01-30 15:53:00	MET_GARDEN	3,50	 	54,00	 	-4,95	 	5,40	 	3,40	 
2022-01-30 15:54:00	MET_GARDEN	3,40	 	55,00	 	-4,80	 	5,40	 	3,40	 
2022-01-30 15:55:00	MET_GARDEN	3,50	 	55,00	 	-4,71	 	5,40	 	3,40	 
2022-01-30 15:56:00	MET_GARDEN	3,40	 	55,00	 	-4,80	 	5,40	 	3,40	 
2022-01-30 15:57:00	MET_GARDEN	3,50	 	55,00	 	-4,71	 	5,40	 	3,40	 
2022-01-30 15:58:00	MET_GARDEN	3,50	 	54,00	 	-4,95	 	5,40	 	3,40	 
2022-01-30 15:59:00	MET_GARDEN	3,60	 	54,00	 	-4,86	 	5,40	 	3,40	 
2022-01-30 16:00:00	MET_GARDEN	3,60	 	54,00	 	-4,86	 	5,40	 	3,40	 
2022-01-30 16:01:00	MET_GARDEN	3,60	 	54,00	 	-4,86	 	5,40	 	3,40	 
2022-01-30 16:02:00	MET_GARDEN	3,50	 	54,00	 	-4,95	 	5,40	 	3,40	 
2022-01-30 16:03:00	MET_GARDEN	3,40	 	54,00	 	-5,04	 	5,40	 	3,40	 
2022-01-30 16:04:00	MET_GARDEN	3,30	 	55,00	 	-4,89	 	5,40	 	3,30	 
2022-01-30 16:05:00	MET_GARDEN	3,30	 	55,00	 	-4,89	 	5,40	 	3,30	 
2022-01-30 16:06:00	MET_GARDEN	3,40	 	55,00	 	-4,80	 	5,40	 	3,30	 
2022-01-30 16:07:00	MET_GARDEN	3,50	 	54,00	 	-4,95	 	5,40	 	3,30	 
2022-01-30 16:08:00	MET_GARDEN	3,40	 	54,00	 	-5,04	 	5,40	 	3,30	 
2022-01-30 16:09:00	MET_GARDEN	3,30	 	55,00	 	-4,89	 	5,40	 	3,30	 
2022-01-30 16:10:00	MET_GARDEN	3,20	 	55,00	 	-4,99	 	5,40	 	3,20	 
2022-01-30 16:11:00	MET_GARDEN	3,20	 	56,00	 	-4,75	 	5,40	 	3,20	 
2022-01-30 16:12:00	MET_GARDEN	3,20	 	56,00	 	-4,75	 	5,40	 	3,20	 
2022-01-30 16:13:00	MET_GARDEN	3,30	 	56,00	 	-4,65	 	5,40	 	3,20	 
2022-01-30 16:14:00	MET_GARDEN	3,20	 	56,00	 	-4,75	 	5,40	 	3,20	 
2022-01-30 16:15:00	MET_GARDEN	3,20	 	56,00	 	-4,75	 	5,40	 	3,20	 
2022-01-30 16:16:00	MET_GARDEN	3,20	 	56,00	 	-4,75	 	5,40	 	3,20	 
2022-01-30 16:17:00	MET_GARDEN	3,30	 	55,00	 	-4,89	 	5,40	 	3,20	 
2022-01-30 16:18:00	MET_GARDEN	3,30	 	55,00	 	-4,89	 	5,40	 	3,20	 
2022-01-30 16:19:00	MET_GARDEN	3,30	 	55,00	 	-4,89	 	5,40	 	3,20	 
2022-01-30 16:20:00	MET_GARDEN	3,30	 	55,00	 	-4,89	 	5,40	 	3,20	 
2022-01-30 16:21:00	MET_GARDEN	3,10	 	56,00	 	-4,84	 	5,40	 	3,10	 
2022-01-30 16:22:00	MET_GARDEN	3,20	 	56,00	 	-4,75	 	5,40	 	3,10	 
2022-01-30 16:23:00	MET_GARDEN	3,20	 	56,00	 	-4,75	 	5,40	 	3,10	 
2022-01-30 16:24:00	MET_GARDEN	3,20	 	56,00	 	-4,75	 	5,40	 	3,10	 
2022-01-30 16:25:00	MET_GARDEN	3,20	 	55,00	 	-4,99	 	5,40	 	3,10	 
2022-01-30 16:26:00	MET_GARDEN	3,30	 	55,00	 	-4,89	 	5,40	 	3,10	 
2022-01-30 16:27:00	MET_GARDEN	3,20	 	55,00	 	-4,99	 	5,40	 	3,10	 
2022-01-30 16:28:00	MET_GARDEN	3,30	 	55,00	 	-4,89	 	5,40	 	3,30	 
2022-01-30 16:29:00	MET_GARDEN	3,30	 	55,00	 	-4,89	 	5,40	 	3,30	 
2022-01-30 16:30:00	MET_GARDEN	3,30	 	55,00	 	-4,89	 	5,40	 	3,30	 
2022-01-30 16:31:00	MET_GARDEN	3,30	 	55,00	 	-4,89	 	5,40	 	3,30	 
2022-01-30 16:32:00	MET_GARDEN	3,20	 	56,00	 	-4,75	 	5,40	 	3,20	 
2022-01-30 16:33:00	MET_GARDEN	3,30	 	55,00	 	-4,89	 	5,40	 	3,20	 
2022-01-30 16:34:00	MET_GARDEN	3,30	 	55,00	 	-4,89	 	5,40	 	3,20	 
2022-01-30 16:35:00	MET_GARDEN	3,20	 	56,00	 	-4,75	 	5,40	 	3,20	 
2022-01-30 16:36:00	MET_GARDEN	3,20	 	56,00	 	-4,75	 	5,40	 	3,20	 
2022-01-30 16:37:00	MET_GARDEN	3,30	 	55,00	 	-4,89	 	5,40	 	3,20	 
2022-01-30 16:38:00	MET_GARDEN	3,30	 	56,00	 	-4,65	 	5,40	 	3,20	 
2022-01-30 16:39:00	MET_GARDEN	3,30	 	56,00	 	-4,65	 	5,40	 	3,20	 
2022-01-30 16:40:00	MET_GARDEN	3,40	 	55,00	 	-4,80	 	5,40	 	3,20	 
2022-01-30 16:41:00	MET_GARDEN	3,40	 	55,00	 	-4,80	 	5,40	 	3,20	 
2022-01-30 16:42:00	MET_GARDEN	3,40	 	55,00	 	-4,80	 	5,40	 	3,20	 
2022-01-30 16:43:00	MET_GARDEN	3,20	 	56,00	 	-4,75	 	5,40	 	3,20	 
2022-01-30 16:44:00	MET_GARDEN	3,20	 	56,00	 	-4,75	 	5,40	 	3,20	 
2022-01-30 16:45:00	MET_GARDEN	3,20	 	56,00	 	-4,75	 	5,40	 	3,20	 
2022-01-30 16:46:00	MET_GARDEN	3,20	 	56,00	 	-4,75	 	5,40	 	3,20	 
2022-01-30 16:47:00	MET_GARDEN	3,10	 	57,00	 	-4,61	 	5,40	 	3,10	 
2022-01-30 16:48:00	MET_GARDEN	3,10	 	57,00	 	-4,61	 	5,40	 	3,10	 
2022-01-30 16:49:00	MET_GARDEN	3,00	 	58,00	 	-4,47	 	5,40	 	3,00	 
2022-01-30 16:50:00	MET_GARDEN	2,90	 	58,00	 	-4,56	 	5,40	 	2,90	 
2022-01-30 16:51:00	MET_GARDEN	3,10	 	57,00	 	-4,61	 	5,40	 	2,90	 
2022-01-30 16:52:00	MET_GARDEN	3,00	 	57,00	 	-4,70	 	5,40	 	2,90	 
2022-01-30 16:53:00	MET_GARDEN	3,00	 	57,00	 	-4,70	 	5,40	 	2,90	 
2022-01-30 16:54:00	MET_GARDEN	3,10	 	57,00	 	-4,61	 	5,40	 	2,90	 
2022-01-30 16:55:00	MET_GARDEN	3,10	 	57,00	 	-4,61	 	5,40	 	2,90	 
2022-01-30 16:56:00	MET_GARDEN	2,90	 	58,00	 	-4,56	 	5,40	 	2,90	 
2022-01-30 16:57:00	MET_GARDEN	2,90	 	58,00	 	-4,56	 	5,40	 	2,90	 
2022-01-30 16:58:00	MET_GARDEN	2,90	 	58,00	 	-4,56	 	5,40	 	2,90	 
2022-01-30 16:59:00	MET_GARDEN	2,90	 	58,00	 	-4,56	 	5,40	 	2,90	 
2022-01-30 17:00:00	MET_GARDEN	3,00	 	58,00	 	-4,47	 	5,40	 	2,90	 
2022-01-30 17:01:00	MET_GARDEN	3,00	 	58,00	 	-4,47	 	5,40	 	2,90	 
2022-01-30 17:02:00	MET_GARDEN	3,00	 	58,00	 	-4,47	 	5,40	 	2,90	 
2022-01-30 17:03:00	MET_GARDEN	3,10	 	57,00	 	-4,61	 	5,40	 	2,90	 
2022-01-30 17:04:00	MET_GARDEN	3,00	 	58,00	 	-4,47	 	5,40	 	2,90	 
2022-01-30 17:05:00	MET_GARDEN	3,00	 	58,00	 	-4,47	 	5,40	 	2,90	 
2022-01-30 17:06:00	MET_GARDEN	3,00	 	58,00	 	-4,47	 	5,40	 	2,90	 
2022-01-30 17:07:00	MET_GARDEN	3,10	 	58,00	 	-4,37	 	5,40	 	2,90	 
2022-01-30 17:08:00	MET_GARDEN	3,10	 	57,00	 	-4,61	 	5,40	 	2,90	 
2022-01-30 17:09:00	MET_GARDEN	3,10	 	58,00	 	-4,37	 	5,40	 	2,90	 
2022-01-30 17:10:00	MET_GARDEN	3,10	 	58,00	 	-4,37	 	5,40	 	2,90	 
2022-01-30 17:11:00	MET_GARDEN	3,10	 	58,00	 	-4,37	 	5,40	 	2,90	 
2022-01-30 17:12:00	MET_GARDEN	3,10	 	58,00	 	-4,37	 	5,40	 	2,90	 
2022-01-30 17:13:00	MET_GARDEN	3,10	 	58,00	 	-4,37	 	5,40	 	2,90	 
2022-01-30 17:14:00	MET_GARDEN	3,00	 	58,00	 	-4,47	 	5,40	 	2,90	 
2022-01-30 17:15:00	MET_GARDEN	3,10	 	58,00	 	-4,37	 	5,40	 	2,90	 
2022-01-30 17:16:00	MET_GARDEN	3,10	 	58,00	 	-4,37	 	5,40	 	2,90	 
2022-01-30 17:17:00	MET_GARDEN	3,10	 	58,00	 	-4,37	 	5,40	 	2,90	 
2022-01-30 17:18:00	MET_GARDEN	3,10	 	58,00	 	-4,37	 	5,40	 	2,90	 
2022-01-30 17:19:00	MET_GARDEN	3,10	 	58,00	 	-4,37	 	5,40	 	2,90	 
2022-01-30 17:20:00	MET_GARDEN	3,10	 	58,00	 	-4,37	 	5,40	 	2,90	 
2022-01-30 17:21:00	MET_GARDEN	3,10	 	58,00	 	-4,37	 	5,40	 	2,90	 
2022-01-30 17:22:00	MET_GARDEN	3,00	 	59,00	 	-4,24	 	5,40	 	2,90	 
2022-01-30 17:23:00	MET_GARDEN	3,00	 	59,00	 	-4,24	 	5,40	 	2,90	 
2022-01-30 17:24:00	MET_GARDEN	3,10	 	59,00	 	-4,15	 	5,40	 	2,90	 
2022-01-30 17:25:00	MET_GARDEN	3,10	 	58,00	 	-4,37	 	5,40	 	2,90	 
2022-01-30 17:26:00	MET_GARDEN	3,10	 	58,00	 	-4,37	 	5,40	 	2,90	 
2022-01-30 17:27:00	MET_GARDEN	3,00	 	59,00	 	-4,24	 	5,40	 	2,90	 
2022-01-30 17:28:00	MET_GARDEN	3,00	 	59,00	 	-4,24	 	5,40	 	2,90	 
2022-01-30 17:29:00	MET_GARDEN	3,00	 	59,00	 	-4,24	 	5,40	 	2,90	 
2022-01-30 17:30:00	MET_GARDEN	3,10	 	59,00	 	-4,15	 	5,40	 	2,90	 
2022-01-30 17:31:00	MET_GARDEN	3,20	 	58,00	 	-4,28	 	5,40	 	2,90	 
2022-01-30 17:32:00	MET_GARDEN	3,10	 	58,00	 	-4,37	 	5,40	 	2,90	 
2022-01-30 17:33:00	MET_GARDEN	3,00	 	59,00	 	-4,24	 	5,40	 	2,90	 
2022-01-30 17:34:00	MET_GARDEN	3,00	 	59,00	 	-4,24	 	5,40	 	2,90	 
2022-01-30 17:35:00	MET_GARDEN	3,00	 	59,00	 	-4,24	 	5,40	 	2,90	 
2022-01-30 17:36:00	MET_GARDEN	3,00	 	59,00	 	-4,24	 	5,40	 	2,90	 
2022-01-30 17:37:00	MET_GARDEN	3,10	 	59,00	 	-4,15	 	5,40	 	2,90	 
2022-01-30 17:38:00	MET_GARDEN	3,10	 	59,00	 	-4,15	 	5,40	 	2,90	 
2022-01-30 17:39:00	MET_GARDEN	3,00	 	59,00	 	-4,24	 	5,40	 	2,90	 
2022-01-30 17:40:00	MET_GARDEN	3,00	 	59,00	 	-4,24	 	5,40	 	2,90	 
2022-01-30 17:41:00	MET_GARDEN	3,10	 	59,00	 	-4,15	 	5,40	 	2,90	 
2022-01-30 17:42:00	MET_GARDEN	3,10	 	59,00	 	-4,15	 	5,40	 	2,90	 
2022-01-30 17:43:00	MET_GARDEN	3,10	 	59,00	 	-4,15	 	5,40	 	2,90	 
2022-01-30 17:44:00	MET_GARDEN	3,10	 	59,00	 	-4,15	 	5,40	 	2,90	 
2022-01-30 17:45:00	MET_GARDEN	3,10	 	59,00	 	-4,15	 	5,40	 	2,90	 
2022-01-30 17:46:00	MET_GARDEN	3,20	 	58,00	 	-4,28	 	5,40	 	2,90	 
2022-01-30 17:47:00	MET_GARDEN	3,20	 	58,00	 	-4,28	 	5,40	 	2,90	 
2022-01-30 17:48:00	MET_GARDEN	3,20	 	58,00	 	-4,28	 	5,40	 	2,90	 
2022-01-30 17:49:00	MET_GARDEN	3,20	 	58,00	 	-4,28	 	5,40	 	2,90	 
2022-01-30 17:50:00	MET_GARDEN	3,20	 	57,00	 	-4,51	 	5,40	 	2,90	 
2022-01-30 17:51:00	MET_GARDEN	3,10	 	58,00	 	-4,37	 	5,40	 	2,90	 
2022-01-30 17:52:00	MET_GARDEN	3,10	 	58,00	 	-4,37	 	5,40	 	2,90	 
2022-01-30 17:53:00	MET_GARDEN	3,10	 	58,00	 	-4,37	 	5,40	 	2,90	 
2022-01-30 17:54:00	MET_GARDEN	3,00	 	59,00	 	-4,24	 	5,40	 	2,90	 
2022-01-30 17:55:00	MET_GARDEN	3,00	 	59,00	 	-4,24	 	5,40	 	2,90	 
2022-01-30 17:56:00	MET_GARDEN	3,10	 	58,00	 	-4,37	 	5,40	 	2,90	 
2022-01-30 17:57:00	MET_GARDEN	3,10	 	58,00	 	-4,37	 	5,40	 	2,90	 
2022-01-30 17:58:00	MET_GARDEN	3,10	 	57,00	 	-4,61	 	5,40	 	2,90	 
2022-01-30 17:59:00	MET_GARDEN	3,10	 	58,00	 	-4,37	 	5,40	 	2,90	 
2022-01-30 18:00:00	MET_GARDEN	3,00	 	58,00	 	-4,47	 	5,40	 	2,90	 
2022-01-30 18:01:00	MET_GARDEN	3,00	 	58,00	 	-4,47	 	5,40	 	2,90	 
2022-01-30 18:02:00	MET_GARDEN	3,10	 	58,00	 	-4,37	 	5,40	 	2,90	 
2022-01-30 18:03:00	MET_GARDEN	3,10	 	58,00	 	-4,37	 	5,40	 	2,90	 
2022-01-30 18:04:00	MET_GARDEN	3,10	 	58,00	 	-4,37	 	5,40	 	2,90	 
2022-01-30 18:05:00	MET_GARDEN	3,10	 	58,00	 	-4,37	 	5,40	 	2,90	 
2022-01-30 18:06:00	MET_GARDEN	3,00	 	58,00	 	-4,47	 	5,40	 	2,90	 
2022-01-30 18:07:00	MET_GARDEN	3,00	 	58,00	 	-4,47	 	5,40	 	2,90	 
2022-01-30 18:08:00	MET_GARDEN	2,90	 	59,00	 	-4,34	 	5,40	 	2,90	 
2022-01-30 18:09:00	MET_GARDEN	2,90	 	59,00	 	-4,34	 	5,40	 	2,90	 
2022-01-30 18:10:00	MET_GARDEN	2,90	 	59,00	 	-4,34	 	5,40	 	2,90	 
2022-01-30 18:11:00	MET_GARDEN	2,90	 	59,00	 	-4,34	 	5,40	 	2,90	 
2022-01-30 18:12:00	MET_GARDEN	2,90	 	59,00	 	-4,34	 	5,40	 	2,90	 
2022-01-30 18:13:00	MET_GARDEN	2,90	 	60,00	 	-4,11	 	5,40	 	2,90	 
2022-01-30 18:14:00	MET_GARDEN	2,90	 	59,00	 	-4,34	 	5,40	 	2,90	 
2022-01-30 18:15:00	MET_GARDEN	2,80	 	60,00	 	-4,21	 	5,40	 	2,80	 
2022-01-30 18:16:00	MET_GARDEN	2,90	 	59,00	 	-4,34	 	5,40	 	2,80	 
2022-01-30 18:17:00	MET_GARDEN	3,10	 	58,00	 	-4,37	 	5,40	 	2,80	 
2022-01-30 18:18:00	MET_GARDEN	3,00	 	58,00	 	-4,47	 	5,40	 	2,80	 
2022-01-30 18:19:00	MET_GARDEN	3,00	 	58,00	 	-4,47	 	5,40	 	2,80	 
2022-01-30 18:20:00	MET_GARDEN	3,00	 	58,00	 	-4,47	 	5,40	 	2,80	 
2022-01-30 18:21:00	MET_GARDEN	3,00	 	58,00	 	-4,47	 	5,40	 	2,80	 
2022-01-30 18:22:00	MET_GARDEN	3,00	 	57,00	 	-4,70	 	5,40	 	2,80	 
2022-01-30 18:23:00	MET_GARDEN	3,10	 	57,00	 	-4,61	 	5,40	 	2,80	 
2022-01-30 18:24:00	MET_GARDEN	3,00	 	58,00	 	-4,47	 	5,40	 	2,80	 
2022-01-30 18:25:00	MET_GARDEN	2,90	 	58,00	 	-4,56	 	5,40	 	2,80	 
2022-01-30 18:26:00	MET_GARDEN	2,90	 	58,00	 	-4,56	 	5,40	 	2,80	 
2022-01-30 18:27:00	MET_GARDEN	3,00	 	57,00	 	-4,70	 	5,40	 	2,80	 
2022-01-30 18:28:00	MET_GARDEN	3,00	 	58,00	 	-4,47	 	5,40	 	2,80	 
2022-01-30 18:29:00	MET_GARDEN	2,90	 	58,00	 	-4,56	 	5,40	 	2,80	 
2022-01-30 18:30:00	MET_GARDEN	2,90	 	58,00	 	-4,56	 	5,40	 	2,80	 
2022-01-30 18:31:00	MET_GARDEN	2,90	 	58,00	 	-4,56	 	5,40	 	2,80	 
2022-01-30 18:32:00	MET_GARDEN	2,90	 	58,00	 	-4,56	 	5,40	 	2,80	 
2022-01-30 18:33:00	MET_GARDEN	2,90	 	58,00	 	-4,56	 	5,40	 	2,80	 
2022-01-30 18:34:00	MET_GARDEN	2,80	 	58,00	 	-4,66	 	5,40	 	2,80	 
2022-01-30 18:35:00	MET_GARDEN	2,90	 	58,00	 	-4,56	 	5,40	 	2,80	 
2022-01-30 18:36:00	MET_GARDEN	3,00	 	57,00	 	-4,70	 	5,40	 	2,80	 
2022-01-30 18:37:00	MET_GARDEN	3,00	 	57,00	 	-4,70	 	5,40	 	2,80	 
2022-01-30 18:38:00	MET_GARDEN	3,00	 	57,00	 	-4,70	 	5,40	 	2,80	 
2022-01-30 18:39:00	MET_GARDEN	2,90	 	57,00	 	-4,80	 	5,40	 	2,80	 
2022-01-30 18:40:00	MET_GARDEN	2,90	 	57,00	 	-4,80	 	5,40	 	2,80	 
2022-01-30 18:41:00	MET_GARDEN	3,00	 	57,00	 	-4,70	 	5,40	 	2,80	 
2022-01-30 18:42:00	MET_GARDEN	2,90	 	57,00	 	-4,80	 	5,40	 	2,80	 
2022-01-30 18:43:00	MET_GARDEN	2,90	 	57,00	 	-4,80	 	5,40	 	2,80	 
2022-01-30 18:44:00	MET_GARDEN	2,90	 	57,00	 	-4,80	 	5,40	 	2,80	 
2022-01-30 18:45:00	MET_GARDEN	2,90	 	57,00	 	-4,80	 	5,40	 	2,80	 
2022-01-30 18:46:00	MET_GARDEN	3,10	 	56,00	 	-4,84	 	5,40	 	2,80	 
2022-01-30 18:47:00	MET_GARDEN	3,00	 	56,00	 	-4,94	 	5,40	 	2,80	 
2022-01-30 18:48:00	MET_GARDEN	2,90	 	56,00	 	-5,03	 	5,40	 	2,80	 
2022-01-30 18:49:00	MET_GARDEN	2,90	 	56,00	 	-5,03	 	5,40	 	2,80	 
2022-01-30 18:50:00	MET_GARDEN	2,90	 	56,00	 	-5,03	 	5,40	 	2,80	 
2022-01-30 18:51:00	MET_GARDEN	2,90	 	56,00	 	-5,03	 	5,40	 	2,80	 
2022-01-30 18:52:00	MET_GARDEN	2,90	 	56,00	 	-5,03	 	5,40	 	2,80	 
2022-01-30 18:53:00	MET_GARDEN	2,90	 	56,00	 	-5,03	 	5,40	 	2,80	 
2022-01-30 18:54:00	MET_GARDEN	2,90	 	56,00	 	-5,03	 	5,40	 	2,80	 
2022-01-30 18:55:00	MET_GARDEN	2,80	 	56,00	 	-5,13	 	5,40	 	2,80	 
2022-01-30 18:56:00	MET_GARDEN	2,80	 	56,00	 	-5,13	 	5,40	 	2,80	 
2022-01-30 18:57:00	MET_GARDEN	2,80	 	56,00	 	-5,13	 	5,40	 	2,80	 
2022-01-30 18:58:00	MET_GARDEN	2,80	 	56,00	 	-5,13	 	5,40	 	2,80	 
2022-01-30 18:59:00	MET_GARDEN	2,80	 	56,00	 	-5,13	 	5,40	 	2,80	 
2022-01-30 19:00:00	MET_GARDEN	2,80	 	56,00	 	-5,13	 	5,40	 	2,80	 
2022-01-30 19:01:00	MET_GARDEN	2,80	 	56,00	 	-5,13	 	5,40	 	2,80	 
2022-01-30 19:02:00	MET_GARDEN	2,80	 	56,00	 	-5,13	 	5,40	 	2,80	 
2022-01-30 19:03:00	MET_GARDEN	2,90	 	55,00	 	-5,27	 	5,40	 	2,80	 
2022-01-30 19:04:00	MET_GARDEN	2,90	 	55,00	 	-5,27	 	5,40	 	2,80	 
2022-01-30 19:05:00	MET_GARDEN	2,90	 	55,00	 	-5,27	 	5,40	 	2,80	 
2022-01-30 19:06:00	MET_GARDEN	2,90	 	55,00	 	-5,27	 	5,40	 	2,80	 
2022-01-30 19:07:00	MET_GARDEN	2,90	 	55,00	 	-5,27	 	5,40	 	2,80	 
2022-01-30 19:08:00	MET_GARDEN	2,90	 	55,00	 	-5,27	 	5,40	 	2,80	 
2022-01-30 19:09:00	MET_GARDEN	3,00	 	54,00	 	-5,42	 	5,40	 	2,80	 
2022-01-30 19:10:00	MET_GARDEN	3,00	 	54,00	 	-5,42	 	5,40	 	2,80	 
2022-01-30 19:11:00	MET_GARDEN	3,00	 	54,00	 	-5,42	 	5,40	 	2,80	 
2022-01-30 19:12:00	MET_GARDEN	3,00	 	54,00	 	-5,42	 	5,40	 	2,80	 
2022-01-30 19:13:00	MET_GARDEN	3,00	 	54,00	 	-5,42	 	5,40	 	2,80	 
2022-01-30 19:14:00	MET_GARDEN	2,90	 	55,00	 	-5,27	 	5,40	 	2,80	 
2022-01-30 19:15:00	MET_GARDEN	3,00	 	55,00	 	-5,18	 	5,40	 	2,80	 
2022-01-30 19:16:00	MET_GARDEN	2,90	 	55,00	 	-5,27	 	5,40	 	2,80	 
2022-01-30 19:17:00	MET_GARDEN	2,90	 	55,00	 	-5,27	 	5,40	 	2,80	 
2022-01-30 19:18:00	MET_GARDEN	2,80	 	56,00	 	-5,13	 	5,40	 	2,80	 
2022-01-30 19:19:00	MET_GARDEN	2,80	 	56,00	 	-5,13	 	5,40	 	2,80	 
2022-01-30 19:20:00	MET_GARDEN	2,90	 	55,00	 	-5,27	 	5,40	 	2,80	 
2022-01-30 19:21:00	MET_GARDEN	2,80	 	55,00	 	-5,36	 	5,40	 	2,80	 
2022-01-30 19:22:00	MET_GARDEN	2,80	 	56,00	 	-5,13	 	5,40	 	2,80	 
2022-01-30 19:23:00	MET_GARDEN	2,80	 	56,00	 	-5,13	 	5,40	 	2,80	 
2022-01-30 19:24:00	MET_GARDEN	2,90	 	55,00	 	-5,27	 	5,40	 	2,80	 
2022-01-30 19:25:00	MET_GARDEN	2,90	 	55,00	 	-5,27	 	5,40	 	2,80	 
2022-01-30 19:26:00	MET_GARDEN	2,80	 	56,00	 	-5,13	 	5,40	 	2,80	 
2022-01-30 19:27:00	MET_GARDEN	2,80	 	56,00	 	-5,13	 	5,40	 	2,80	 
2022-01-30 19:28:00	MET_GARDEN	2,90	 	55,00	 	-5,27	 	5,40	 	2,80	 
2022-01-30 19:29:00	MET_GARDEN	2,80	 	55,00	 	-5,36	 	5,40	 	2,80	 
2022-01-30 19:30:00	MET_GARDEN	2,70	 	56,00	 	-5,22	 	5,40	 	2,70	 
2022-01-30 19:31:00	MET_GARDEN	2,70	 	56,00	 	-5,22	 	5,40	 	2,70	 
2022-01-30 19:32:00	MET_GARDEN	2,70	 	56,00	 	-5,22	 	5,40	 	2,70	 
2022-01-30 19:33:00	MET_GARDEN	2,70	 	56,00	 	-5,22	 	5,40	 	2,70	 
2022-01-30 19:34:00	MET_GARDEN	2,80	 	56,00	 	-5,13	 	5,40	 	2,70	 
2022-01-30 19:35:00	MET_GARDEN	2,80	 	55,00	 	-5,36	 	5,40	 	2,70	 
2022-01-30 19:36:00	MET_GARDEN	2,80	 	56,00	 	-5,13	 	5,40	 	2,70	 
2022-01-30 19:37:00	MET_GARDEN	2,80	 	56,00	 	-5,13	 	5,40	 	2,70	 
2022-01-30 19:38:00	MET_GARDEN	2,70	 	56,00	 	-5,22	 	5,40	 	2,70	 
2022-01-30 19:39:00	MET_GARDEN	2,60	 	57,00	 	-5,08	 	5,40	 	2,60	 
2022-01-30 19:40:00	MET_GARDEN	2,60	 	57,00	 	-5,08	 	5,40	 	2,60	 
2022-01-30 19:41:00	MET_GARDEN	2,60	 	57,00	 	-5,08	 	5,40	 	2,60	 
2022-01-30 19:42:00	MET_GARDEN	2,70	 	57,00	 	-4,98	 	5,40	 	2,60	 
2022-01-30 19:43:00	MET_GARDEN	2,60	 	57,00	 	-5,08	 	5,40	 	2,60	 
2022-01-30 19:44:00	MET_GARDEN	2,70	 	57,00	 	-4,98	 	5,40	 	2,60	 
2022-01-30 19:45:00	MET_GARDEN	2,70	 	56,00	 	-5,22	 	5,40	 	2,60	 
2022-01-30 19:46:00	MET_GARDEN	2,80	 	55,00	 	-5,36	 	5,40	 	2,60	 
2022-01-30 19:47:00	MET_GARDEN	2,80	 	55,00	 	-5,36	 	5,40	 	2,60	 
2022-01-30 19:48:00	MET_GARDEN	2,80	 	55,00	 	-5,36	 	5,40	 	2,60	 
2022-01-30 19:49:00	MET_GARDEN	2,80	 	55,00	 	-5,36	 	5,40	 	2,60	 
2022-01-30 19:50:00	MET_GARDEN	2,70	 	56,00	 	-5,22	 	5,40	 	2,60	 
2022-01-30 19:51:00	MET_GARDEN	2,60	 	57,00	 	-5,08	 	5,40	 	2,60	 
2022-01-30 19:52:00	MET_GARDEN	2,60	 	57,00	 	-5,08	 	5,40	 	2,60	 
2022-01-30 19:53:00	MET_GARDEN	2,60	 	57,00	 	-5,08	 	5,40	 	2,60	 
2022-01-30 19:54:00	MET_GARDEN	2,60	 	58,00	 	-4,85	 	5,40	 	2,60	 
2022-01-30 19:55:00	MET_GARDEN	2,50	 	58,00	 	-4,94	 	5,40	 	2,50	 
2022-01-30 19:56:00	MET_GARDEN	2,50	 	58,00	 	-4,94	 	5,40	 	2,50	 
2022-01-30 19:57:00	MET_GARDEN	2,60	 	58,00	 	-4,85	 	5,40	 	2,50	 
2022-01-30 19:58:00	MET_GARDEN	2,60	 	58,00	 	-4,85	 	5,40	 	2,50	 
2022-01-30 19:59:00	MET_GARDEN	2,70	 	57,00	 	-4,98	 	5,40	 	2,50	 
2022-01-30 20:00:00	MET_GARDEN	2,70	 	57,00	 	-4,98	 	5,40	 	2,50	 
2022-01-30 20:01:00	MET_GARDEN	2,60	 	57,00	 	-5,08	 	5,40	 	2,50	 
2022-01-30 20:02:00	MET_GARDEN	2,60	 	58,00	 	-4,85	 	5,40	 	2,50	 
2022-01-30 20:03:00	MET_GARDEN	2,60	 	58,00	 	-4,85	 	5,40	 	2,50	 
2022-01-30 20:04:00	MET_GARDEN	2,60	 	58,00	 	-4,85	 	5,40	 	2,50	 
2022-01-30 20:05:00	MET_GARDEN	2,60	 	58,00	 	-4,85	 	5,40	 	2,50	 
2022-01-30 20:06:00	MET_GARDEN	2,70	 	57,00	 	-4,98	 	5,40	 	2,50	 
2022-01-30 20:07:00	MET_GARDEN	2,70	 	57,00	 	-4,98	 	5,40	 	2,50	 
2022-01-30 20:08:00	MET_GARDEN	2,60	 	58,00	 	-4,85	 	5,40	 	2,50	 
2022-01-30 20:09:00	MET_GARDEN	2,60	 	58,00	 	-4,85	 	5,40	 	2,50	 
2022-01-30 20:10:00	MET_GARDEN	2,70	 	58,00	 	-4,75	 	5,40	 	2,50	 
2022-01-30 20:11:00	MET_GARDEN	2,70	 	57,00	 	-4,98	 	5,40	 	2,50	 
2022-01-30 20:12:00	MET_GARDEN	2,70	 	57,00	 	-4,98	 	5,40	 	2,50	 
2022-01-30 20:13:00	MET_GARDEN	2,70	 	57,00	 	-4,98	 	5,40	 	2,50	 
2022-01-30 20:14:00	MET_GARDEN	2,60	 	58,00	 	-4,85	 	5,40	 	2,50	 
2022-01-30 20:15:00	MET_GARDEN	2,70	 	57,00	 	-4,98	 	5,40	 	2,50	 
2022-01-30 20:16:00	MET_GARDEN	2,70	 	57,00	 	-4,98	 	5,40	 	2,50	 
2022-01-30 20:17:00	MET_GARDEN	2,80	 	57,00	 	-4,89	 	5,40	 	2,50	 
2022-01-30 20:18:00	MET_GARDEN	2,70	 	57,00	 	-4,98	 	5,40	 	2,50	 
2022-01-30 20:19:00	MET_GARDEN	2,60	 	57,00	 	-5,08	 	5,40	 	2,50	 
2022-01-30 20:20:00	MET_GARDEN	2,60	 	57,00	 	-5,08	 	5,40	 	2,50	 
2022-01-30 20:21:00	MET_GARDEN	2,60	 	57,00	 	-5,08	 	5,40	 	2,50	 
2022-01-30 20:22:00	MET_GARDEN	2,70	 	57,00	 	-4,98	 	5,40	 	2,50	 
2022-01-30 20:23:00	MET_GARDEN	2,60	 	57,00	 	-5,08	 	5,40	 	2,50	 
2022-01-30 20:24:00	MET_GARDEN	2,60	 	57,00	 	-5,08	 	5,40	 	2,50	 
2022-01-30 20:25:00	MET_GARDEN	2,60	 	57,00	 	-5,08	 	5,40	 	2,50	 
2022-01-30 20:26:00	MET_GARDEN	2,60	 	57,00	 	-5,08	 	5,40	 	2,50	 
2022-01-30 20:27:00	MET_GARDEN	2,60	 	57,00	 	-5,08	 	5,40	 	2,50	 
2022-01-30 20:28:00	MET_GARDEN	2,60	 	57,00	 	-5,08	 	5,40	 	2,50	 
2022-01-30 20:29:00	MET_GARDEN	2,70	 	56,00	 	-5,22	 	5,40	 	2,50	 
2022-01-30 20:30:00	MET_GARDEN	2,70	 	56,00	 	-5,22	 	5,40	 	2,50	 
2022-01-30 20:31:00	MET_GARDEN	2,70	 	56,00	 	-5,22	 	5,40	 	2,50	 
2022-01-30 20:32:00	MET_GARDEN	2,70	 	56,00	 	-5,22	 	5,40	 	2,50	 
2022-01-30 20:33:00	MET_GARDEN	2,70	 	56,00	 	-5,22	 	5,40	 	2,50	 
2022-01-30 20:34:00	MET_GARDEN	2,60	 	57,00	 	-5,08	 	5,40	 	2,50	 
2022-01-30 20:35:00	MET_GARDEN	2,60	 	57,00	 	-5,08	 	5,40	 	2,50	 
2022-01-30 20:36:00	MET_GARDEN	2,50	 	57,00	 	-5,17	 	5,40	 	2,50	 
2022-01-30 20:37:00	MET_GARDEN	2,50	 	58,00	 	-4,94	 	5,40	 	2,50	 
2022-01-30 20:38:00	MET_GARDEN	2,40	 	58,00	 	-5,04	 	5,40	 	2,40	 
2022-01-30 20:39:00	MET_GARDEN	2,50	 	58,00	 	-4,94	 	5,40	 	2,40	 
2022-01-30 20:40:00	MET_GARDEN	2,50	 	58,00	 	-4,94	 	5,40	 	2,40	 
2022-01-30 20:41:00	MET_GARDEN	2,50	 	58,00	 	-4,94	 	5,40	 	2,40	 
2022-01-30 20:42:00	MET_GARDEN	2,50	 	58,00	 	-4,94	 	5,40	 	2,40	 
2022-01-30 20:43:00	MET_GARDEN	2,50	 	58,00	 	-4,94	 	5,40	 	2,40	 
2022-01-30 20:44:00	MET_GARDEN	2,40	 	58,00	 	-5,04	 	5,40	 	2,40	 
2022-01-30 20:45:00	MET_GARDEN	2,40	 	58,00	 	-5,04	 	5,40	 	2,40	 
2022-01-30 20:46:00	MET_GARDEN	2,50	 	58,00	 	-4,94	 	5,40	 	2,40	 
2022-01-30 20:47:00	MET_GARDEN	2,50	 	58,00	 	-4,94	 	5,40	 	2,40	 
2022-01-30 20:48:00	MET_GARDEN	2,40	 	58,00	 	-5,04	 	5,40	 	2,40	 
2022-01-30 20:49:00	MET_GARDEN	2,30	 	59,00	 	-4,91	 	5,40	 	2,30	 
2022-01-30 20:50:00	MET_GARDEN	2,40	 	59,00	 	-4,81	 	5,40	 	2,30	 
2022-01-30 20:51:00	MET_GARDEN	2,30	 	59,00	 	-4,91	 	5,40	 	2,30	 
2022-01-30 20:52:00	MET_GARDEN	2,30	 	59,00	 	-4,91	 	5,40	 	2,30	 
2022-01-30 20:53:00	MET_GARDEN	2,20	 	60,00	 	-4,78	 	5,40	 	2,20	 
2022-01-30 20:54:00	MET_GARDEN	2,30	 	60,00	 	-4,68	 	5,40	 	2,20	 
2022-01-30 20:55:00	MET_GARDEN	2,40	 	58,00	 	-5,04	 	5,40	 	2,20	 
2022-01-30 20:56:00	MET_GARDEN	2,50	 	58,00	 	-4,94	 	5,40	 	2,20	 
2022-01-30 20:57:00	MET_GARDEN	2,30	 	59,00	 	-4,91	 	5,40	 	2,20	 
2022-01-30 20:58:00	MET_GARDEN	2,20	 	60,00	 	-4,78	 	5,40	 	2,20	 
2022-01-30 20:59:00	MET_GARDEN	2,20	 	60,00	 	-4,78	 	5,40	 	2,20	 
2022-01-30 21:00:00	MET_GARDEN	2,20	 	60,00	 	-4,78	 	5,40	 	2,20	 
2022-01-30 21:01:00	MET_GARDEN	2,30	 	60,00	 	-4,68	 	5,40	 	2,20	 
2022-01-30 21:02:00	MET_GARDEN	2,30	 	60,00	 	-4,68	 	5,40	 	2,20	 
2022-01-30 21:03:00	MET_GARDEN	2,30	 	59,00	 	-4,91	 	5,40	 	2,20	 
2022-01-30 21:04:00	MET_GARDEN	2,40	 	58,00	 	-5,04	 	5,40	 	2,20	 
2022-01-30 21:05:00	MET_GARDEN	2,50	 	58,00	 	-4,94	 	5,40	 	2,20	 
2022-01-30 21:06:00	MET_GARDEN	2,40	 	58,00	 	-5,04	 	5,40	 	2,20	 
2022-01-30 21:07:00	MET_GARDEN	2,40	 	58,00	 	-5,04	 	5,40	 	2,20	 
2022-01-30 21:08:00	MET_GARDEN	2,50	 	58,00	 	-4,94	 	5,40	 	2,20	 
2022-01-30 21:09:00	MET_GARDEN	2,50	 	57,00	 	-5,17	 	5,40	 	2,20	 
2022-01-30 21:10:00	MET_GARDEN	2,40	 	58,00	 	-5,04	 	5,40	 	2,20	 
2022-01-30 21:11:00	MET_GARDEN	2,40	 	58,00	 	-5,04	 	5,40	 	2,20	 
2022-01-30 21:12:00	MET_GARDEN	2,50	 	58,00	 	-4,94	 	5,40	 	2,20	 
2022-01-30 21:13:00	MET_GARDEN	2,50	 	57,00	 	-5,17	 	5,40	 	2,20	 
2022-01-30 21:14:00	MET_GARDEN	2,40	 	58,00	 	-5,04	 	5,40	 	2,20	 
2022-01-30 21:15:00	MET_GARDEN	2,40	 	58,00	 	-5,04	 	5,40	 	2,20	 
2022-01-30 21:16:00	MET_GARDEN	2,40	 	58,00	 	-5,04	 	5,40	 	2,20	 
2022-01-30 21:17:00	MET_GARDEN	2,40	 	58,00	 	-5,04	 	5,40	 	2,20	 
2022-01-30 21:18:00	MET_GARDEN	2,30	 	58,00	 	-5,13	 	5,40	 	2,20	 
2022-01-30 21:19:00	MET_GARDEN	2,40	 	58,00	 	-5,04	 	5,40	 	2,20	 
2022-01-30 21:20:00	MET_GARDEN	2,40	 	58,00	 	-5,04	 	5,40	 	2,20	 
2022-01-30 21:21:00	MET_GARDEN	2,40	 	58,00	 	-5,04	 	5,40	 	2,20	 
2022-01-30 21:22:00	MET_GARDEN	2,40	 	58,00	 	-5,04	 	5,40	 	2,20	 
2022-01-30 21:23:00	MET_GARDEN	2,30	 	59,00	 	-4,91	 	5,40	 	2,20	 
2022-01-30 21:24:00	MET_GARDEN	2,30	 	59,00	 	-4,91	 	5,40	 	2,20	 
2022-01-30 21:25:00	MET_GARDEN	2,20	 	60,00	 	-4,78	 	5,40	 	2,20	 
2022-01-30 21:26:00	MET_GARDEN	2,20	 	61,00	 	-4,56	 	5,40	 	2,20	 
2022-01-30 21:27:00	MET_GARDEN	2,10	 	61,00	 	-4,65	 	5,40	 	2,10	 
2022-01-30 21:28:00	MET_GARDEN	2,20	 	61,00	 	-4,56	 	5,40	 	2,10	 
2022-01-30 21:29:00	MET_GARDEN	2,20	 	61,00	 	-4,56	 	5,40	 	2,10	 
2022-01-30 21:30:00	MET_GARDEN	2,20	 	61,00	 	-4,56	 	5,40	 	2,10	 
2022-01-30 21:31:00	MET_GARDEN	2,20	 	60,00	 	-4,78	 	5,40	 	2,10	 
2022-01-30 21:32:00	MET_GARDEN	2,30	 	59,00	 	-4,91	 	5,40	 	2,10	 
2022-01-30 21:33:00	MET_GARDEN	2,40	 	59,00	 	-4,81	 	5,40	 	2,10	 
2022-01-30 21:34:00	MET_GARDEN	2,30	 	59,00	 	-4,91	 	5,40	 	2,10	 
2022-01-30 21:35:00	MET_GARDEN	2,30	 	59,00	 	-4,91	 	5,40	 	2,10	 
2022-01-30 21:36:00	MET_GARDEN	2,30	 	59,00	 	-4,91	 	5,40	 	2,10	 
2022-01-30 21:37:00	MET_GARDEN	2,20	 	59,00	 	-5,00	 	5,40	 	2,10	 
2022-01-30 21:38:00	MET_GARDEN	2,20	 	59,00	 	-5,00	 	5,40	 	2,10	 
2022-01-30 21:39:00	MET_GARDEN	2,20	 	60,00	 	-4,78	 	5,40	 	2,10	 
2022-01-30 21:40:00	MET_GARDEN	2,20	 	60,00	 	-4,78	 	5,40	 	2,10	 
2022-01-30 21:41:00	MET_GARDEN	2,30	 	60,00	 	-4,68	 	5,40	 	2,10	 
2022-01-30 21:42:00	MET_GARDEN	2,20	 	60,00	 	-4,78	 	5,40	 	2,10	 
2022-01-30 21:43:00	MET_GARDEN	2,10	 	60,00	 	-4,87	 	5,40	 	2,10	 
2022-01-30 21:44:00	MET_GARDEN	2,00	 	61,00	 	-4,75	 	5,40	 	2,00	 
2022-01-30 21:45:00	MET_GARDEN	1,90	 	62,00	 	-4,63	 	5,40	 	1,90	 
2022-01-30 21:46:00	MET_GARDEN	2,00	 	62,00	 	-4,53	 	5,40	 	1,90	 
2022-01-30 21:47:00	MET_GARDEN	2,00	 	62,00	 	-4,53	 	5,40	 	1,90	 
2022-01-30 21:48:00	MET_GARDEN	2,00	 	62,00	 	-4,53	 	5,40	 	1,90	 
2022-01-30 21:49:00	MET_GARDEN	2,00	 	62,00	 	-4,53	 	5,40	 	1,90	 
2022-01-30 21:50:00	MET_GARDEN	2,10	 	61,00	 	-4,65	 	5,40	 	1,90	 
2022-01-30 21:51:00	MET_GARDEN	2,20	 	60,00	 	-4,78	 	5,40	 	1,90	 
2022-01-30 21:52:00	MET_GARDEN	2,20	 	60,00	 	-4,78	 	5,40	 	1,90	 
2022-01-30 21:53:00	MET_GARDEN	2,20	 	60,00	 	-4,78	 	5,40	 	1,90	 
2022-01-30 21:54:00	MET_GARDEN	2,20	 	59,00	 	-5,00	 	5,40	 	1,90	 
2022-01-30 21:55:00	MET_GARDEN	2,20	 	60,00	 	-4,78	 	5,40	 	1,90	 
2022-01-30 21:56:00	MET_GARDEN	2,20	 	60,00	 	-4,78	 	5,40	 	1,90	 
2022-01-30 21:57:00	MET_GARDEN	2,20	 	60,00	 	-4,78	 	5,40	 	1,90	 
2022-01-30 21:58:00	MET_GARDEN	2,20	 	59,00	 	-5,00	 	5,40	 	1,90	 
2022-01-30 21:59:00	MET_GARDEN	2,30	 	59,00	 	-4,91	 	5,40	 	1,90	 
2022-01-30 22:00:00	MET_GARDEN	2,20	 	59,00	 	-5,00	 	5,40	 	1,90	 
2022-01-30 22:01:00	MET_GARDEN	2,20	 	59,00	 	-5,00	 	5,40	 	1,90	 
2022-01-30 22:02:00	MET_GARDEN	2,30	 	58,00	 	-5,13	 	5,40	 	1,90	 
2022-01-30 22:03:00	MET_GARDEN	2,30	 	58,00	 	-5,13	 	5,40	 	1,90	 
2022-01-30 22:04:00	MET_GARDEN	2,20	 	59,00	 	-5,00	 	5,40	 	1,90	 
2022-01-30 22:05:00	MET_GARDEN	2,20	 	59,00	 	-5,00	 	5,40	 	1,90	 
2022-01-30 22:06:00	MET_GARDEN	2,20	 	60,00	 	-4,78	 	5,40	 	1,90	 
2022-01-30 22:07:00	MET_GARDEN	2,10	 	60,00	 	-4,87	 	5,40	 	1,90	 
2022-01-30 22:08:00	MET_GARDEN	2,10	 	60,00	 	-4,87	 	5,40	 	1,90	 
2022-01-30 22:09:00	MET_GARDEN	2,10	 	60,00	 	-4,87	 	5,40	 	1,90	 
2022-01-30 22:10:00	MET_GARDEN	2,10	 	60,00	 	-4,87	 	5,40	 	1,90	 
2022-01-30 22:11:00	MET_GARDEN	2,10	 	60,00	 	-4,87	 	5,40	 	1,90	 
2022-01-30 22:12:00	MET_GARDEN	2,10	 	60,00	 	-4,87	 	5,40	 	1,90	 
2022-01-30 22:13:00	MET_GARDEN	2,20	 	59,00	 	-5,00	 	5,40	 	1,90	 
2022-01-30 22:14:00	MET_GARDEN	2,20	 	59,00	 	-5,00	 	5,40	 	1,90	 
2022-01-30 22:15:00	MET_GARDEN	2,10	 	60,00	 	-4,87	 	5,40	 	1,90	 
2022-01-30 22:16:00	MET_GARDEN	2,00	 	61,00	 	-4,75	 	5,40	 	1,90	 
2022-01-30 22:17:00	MET_GARDEN	2,10	 	60,00	 	-4,87	 	5,40	 	1,90	 
2022-01-30 22:18:00	MET_GARDEN	2,20	 	59,00	 	-5,00	 	5,40	 	1,90	 
2022-01-30 22:19:00	MET_GARDEN	2,20	 	59,00	 	-5,00	 	5,40	 	1,90	 
2022-01-30 22:20:00	MET_GARDEN	2,20	 	59,00	 	-5,00	 	5,40	 	1,90	 
2022-01-30 22:21:00	MET_GARDEN	2,20	 	59,00	 	-5,00	 	5,40	 	1,90	 
2022-01-30 22:22:00	MET_GARDEN	2,20	 	59,00	 	-5,00	 	5,40	 	1,90	 
2022-01-30 22:23:00	MET_GARDEN	2,20	 	60,00	 	-4,78	 	5,40	 	1,90	 
2022-01-30 22:24:00	MET_GARDEN	2,10	 	60,00	 	-4,87	 	5,40	 	1,90	 
2022-01-30 22:25:00	MET_GARDEN	2,10	 	61,00	 	-4,65	 	5,40	 	1,90	 
2022-01-30 22:26:00	MET_GARDEN	2,20	 	60,00	 	-4,78	 	5,40	 	1,90	 
2022-01-30 22:27:00	MET_GARDEN	2,10	 	60,00	 	-4,87	 	5,40	 	1,90	 
2022-01-30 22:28:00	MET_GARDEN	2,10	 	61,00	 	-4,65	 	5,40	 	1,90	 
2022-01-30 22:29:00	MET_GARDEN	2,10	 	60,00	 	-4,87	 	5,40	 	1,90	 
2022-01-30 22:30:00	MET_GARDEN	2,20	 	60,00	 	-4,78	 	5,40	 	1,90	 
2022-01-30 22:31:00	MET_GARDEN	2,20	 	59,00	 	-5,00	 	5,40	 	1,90	 
2022-01-30 22:32:00	MET_GARDEN	2,20	 	60,00	 	-4,78	 	5,40	 	1,90	 
2022-01-30 22:33:00	MET_GARDEN	2,20	 	60,00	 	-4,78	 	5,40	 	1,90	 
2022-01-30 22:34:00	MET_GARDEN	2,20	 	59,00	 	-5,00	 	5,40	 	1,90	 
2022-01-30 22:35:00	MET_GARDEN	2,20	 	59,00	 	-5,00	 	5,40	 	1,90	 
2022-01-30 22:36:00	MET_GARDEN	2,30	 	58,00	 	-5,13	 	5,40	 	1,90	 
2022-01-30 22:37:00	MET_GARDEN	2,30	 	58,00	 	-5,13	 	5,40	 	1,90	 
2022-01-30 22:38:00	MET_GARDEN	2,20	 	59,00	 	-5,00	 	5,40	 	1,90	 
2022-01-30 22:39:00	MET_GARDEN	2,20	 	58,00	 	-5,23	 	5,40	 	1,90	 
2022-01-30 22:40:00	MET_GARDEN	2,20	 	59,00	 	-5,00	 	5,40	 	1,90	 
2022-01-30 22:41:00	MET_GARDEN	2,10	 	59,00	 	-5,09	 	5,40	 	1,90	 
2022-01-30 22:42:00	MET_GARDEN	2,10	 	60,00	 	-4,87	 	5,40	 	1,90	 
2022-01-30 22:43:00	MET_GARDEN	2,10	 	59,00	 	-5,09	 	5,40	 	1,90	 
2022-01-30 22:44:00	MET_GARDEN	2,10	 	59,00	 	-5,09	 	5,40	 	1,90	 
2022-01-30 22:45:00	MET_GARDEN	2,10	 	60,00	 	-4,87	 	5,40	 	1,90	 
2022-01-30 22:46:00	MET_GARDEN	2,00	 	60,00	 	-4,97	 	5,40	 	1,90	 
2022-01-30 22:47:00	MET_GARDEN	2,00	 	60,00	 	-4,97	 	5,40	 	1,90	 
2022-01-30 22:48:00	MET_GARDEN	2,00	 	60,00	 	-4,97	 	5,40	 	1,90	 
2022-01-30 22:49:00	MET_GARDEN	2,00	 	60,00	 	-4,97	 	5,40	 	1,90	 
2022-01-30 22:50:00	MET_GARDEN	2,00	 	61,00	 	-4,75	 	5,40	 	1,90	 
2022-01-30 22:51:00	MET_GARDEN	2,00	 	61,00	 	-4,75	 	5,40	 	1,90	 
2022-01-30 22:52:00	MET_GARDEN	2,00	 	60,00	 	-4,97	 	5,40	 	1,90	 
2022-01-30 22:53:00	MET_GARDEN	2,00	 	61,00	 	-4,75	 	5,40	 	1,90	 
2022-01-30 22:54:00	MET_GARDEN	1,90	 	62,00	 	-4,63	 	5,40	 	1,90	 
2022-01-30 22:55:00	MET_GARDEN	1,90	 	62,00	 	-4,63	 	5,40	 	1,90	 
2022-01-30 22:56:00	MET_GARDEN	1,90	 	62,00	 	-4,63	 	5,40	 	1,90	 
2022-01-30 22:57:00	MET_GARDEN	1,90	 	62,00	 	-4,63	 	5,40	 	1,90	 
2022-01-30 22:58:00	MET_GARDEN	2,00	 	61,00	 	-4,75	 	5,40	 	1,90	 
2022-01-30 22:59:00	MET_GARDEN	2,00	 	60,00	 	-4,97	 	5,40	 	1,90	 
2022-01-30 23:00:00	MET_GARDEN	2,00	 	60,00	 	-4,97	 	5,40	 	1,90	 
2022-01-30 23:01:00	MET_GARDEN	2,00	 	60,00	 	-4,97	 	5,40	 	1,90	 
2022-01-30 23:02:00	MET_GARDEN	2,00	 	60,00	 	-4,97	 	5,40	 	1,90	 
2022-01-30 23:03:00	MET_GARDEN	2,00	 	60,00	 	-4,97	 	5,40	 	1,90	 
2022-01-30 23:04:00	MET_GARDEN	2,00	 	60,00	 	-4,97	 	5,40	 	1,90	 
2022-01-30 23:05:00	MET_GARDEN	2,10	 	59,00	 	-5,09	 	5,40	 	1,90	 
2022-01-30 23:06:00	MET_GARDEN	2,20	 	58,00	 	-5,23	 	5,40	 	1,90	 
2022-01-30 23:07:00	MET_GARDEN	2,10	 	58,00	 	-5,32	 	5,40	 	1,90	 
2022-01-30 23:08:00	MET_GARDEN	2,10	 	59,00	 	-5,09	 	5,40	 	1,90	 
2022-01-30 23:09:00	MET_GARDEN	2,10	 	59,00	 	-5,09	 	5,40	 	1,90	 
2022-01-30 23:10:00	MET_GARDEN	2,00	 	60,00	 	-4,97	 	5,40	 	1,90	 
2022-01-30 23:11:00	MET_GARDEN	2,00	 	60,00	 	-4,97	 	5,40	 	1,90	 
2022-01-30 23:12:00	MET_GARDEN	1,90	 	61,00	 	-4,84	 	5,40	 	1,90	 
2022-01-30 23:13:00	MET_GARDEN	1,90	 	62,00	 	-4,63	 	5,40	 	1,90	 
2022-01-30 23:14:00	MET_GARDEN	1,90	 	62,00	 	-4,63	 	5,40	 	1,90	 
2022-01-30 23:15:00	MET_GARDEN	1,90	 	62,00	 	-4,63	 	5,40	 	1,90	 
2022-01-30 23:16:00	MET_GARDEN	1,90	 	61,00	 	-4,84	 	5,40	 	1,90	 
2022-01-30 23:17:00	MET_GARDEN	1,90	 	61,00	 	-4,84	 	5,40	 	1,90	 
2022-01-30 23:18:00	MET_GARDEN	1,90	 	62,00	 	-4,63	 	5,40	 	1,90	 
2022-01-30 23:19:00	MET_GARDEN	1,90	 	62,00	 	-4,63	 	5,40	 	1,90	 
2022-01-30 23:20:00	MET_GARDEN	1,90	 	61,00	 	-4,84	 	5,40	 	1,90	 
2022-01-30 23:21:00	MET_GARDEN	1,90	 	61,00	 	-4,84	 	5,40	 	1,90	 
2022-01-30 23:22:00	MET_GARDEN	1,90	 	61,00	 	-4,84	 	5,40	 	1,90	 
2022-01-30 23:23:00	MET_GARDEN	1,90	 	61,00	 	-4,84	 	5,40	 	1,90	 
2022-01-30 23:24:00	MET_GARDEN	1,90	 	61,00	 	-4,84	 	5,40	 	1,90	 
2022-01-30 23:25:00	MET_GARDEN	1,90	 	61,00	 	-4,84	 	5,40	 	1,90	 
2022-01-30 23:26:00	MET_GARDEN	1,90	 	61,00	 	-4,84	 	5,40	 	1,90	 
2022-01-30 23:27:00	MET_GARDEN	1,90	 	61,00	 	-4,84	 	5,40	 	1,90	 
2022-01-30 23:28:00	MET_GARDEN	1,90	 	61,00	 	-4,84	 	5,40	 	1,90	 
2022-01-30 23:29:00	MET_GARDEN	2,00	 	60,00	 	-4,97	 	5,40	 	1,90	 
2022-01-30 23:30:00	MET_GARDEN	2,00	 	60,00	 	-4,97	 	5,40	 	1,90	 
2022-01-30 23:31:00	MET_GARDEN	1,90	 	61,00	 	-4,84	 	5,40	 	1,90	 
2022-01-30 23:32:00	MET_GARDEN	1,80	 	61,00	 	-4,94	 	5,40	 	1,80	 
2022-01-30 23:33:00	MET_GARDEN	1,80	 	62,00	 	-4,72	 	5,40	 	1,80	 
2022-01-30 23:34:00	MET_GARDEN	1,80	 	62,00	 	-4,72	 	5,40	 	1,80	 
2022-01-30 23:35:00	MET_GARDEN	1,80	 	62,00	 	-4,72	 	5,40	 	1,80	 
2022-01-30 23:36:00	MET_GARDEN	1,80	 	62,00	 	-4,72	 	5,40	 	1,80	 
2022-01-30 23:37:00	MET_GARDEN	1,80	 	62,00	 	-4,72	 	5,40	 	1,80	 
2022-01-30 23:38:00	MET_GARDEN	1,90	 	61,00	 	-4,84	 	5,40	 	1,80	 
2022-01-30 23:39:00	MET_GARDEN	1,90	 	61,00	 	-4,84	 	5,40	 	1,80	 
2022-01-30 23:40:00	MET_GARDEN	1,90	 	61,00	 	-4,84	 	5,40	 	1,80	 
2022-01-30 23:41:00	MET_GARDEN	1,80	 	62,00	 	-4,72	 	5,40	 	1,80	 
2022-01-30 23:42:00	MET_GARDEN	1,80	 	62,00	 	-4,72	 	5,40	 	1,80	 
2022-01-30 23:43:00	MET_GARDEN	1,70	 	63,00	 	-4,60	 	5,40	 	1,70	 
2022-01-30 23:44:00	MET_GARDEN	1,80	 	62,00	 	-4,72	 	5,40	 	1,70	 
2022-01-30 23:45:00	MET_GARDEN	1,80	 	62,00	 	-4,72	 	5,40	 	1,70	 
2022-01-30 23:46:00	MET_GARDEN	1,80	 	62,00	 	-4,72	 	5,40	 	1,70	 
2022-01-30 23:47:00	MET_GARDEN	1,70	 	63,00	 	-4,60	 	5,40	 	1,70	 
2022-01-30 23:48:00	MET_GARDEN	1,70	 	63,00	 	-4,60	 	5,40	 	1,70	 
2022-01-30 23:49:00	MET_GARDEN	1,70	 	63,00	 	-4,60	 	5,40	 	1,70	 
2022-01-30 23:50:00	MET_GARDEN	1,70	 	64,00	 	-4,39	 	5,40	 	1,70	 
2022-01-30 23:51:00	MET_GARDEN	1,70	 	63,00	 	-4,60	 	5,40	 	1,70	 
2022-01-30 23:52:00	MET_GARDEN	1,70	 	63,00	 	-4,60	 	5,40	 	1,70	 
2022-01-30 23:53:00	MET_GARDEN	1,70	 	63,00	 	-4,60	 	5,40	 	1,70	 
2022-01-30 23:54:00	MET_GARDEN	1,70	 	63,00	 	-4,60	 	5,40	 	1,70	 
2022-01-30 23:55:00	MET_GARDEN	1,60	 	64,00	 	-4,49	 	5,40	 	1,60	 
2022-01-30 23:56:00	MET_GARDEN	1,50	 	64,00	 	-4,58	 	5,40	 	1,50	 
2022-01-30 23:57:00	MET_GARDEN	1,60	 	64,00	 	-4,49	 	5,40	 	1,50	 
2022-01-30 23:58:00	MET_GARDEN	1,60	 	64,00	 	-4,49	 	5,40	 	1,50	 
2022-01-30 23:59:00	MET_GARDEN	1,60	 	64,00	 	-4,49	 	5,40	 	1,50	 
